100	0	0	0	0	0	0	0	0	0	0	0	0	0	0	0	181	27
100	0	0	0	0	0	0	0	0	0	0	0	0	0	0	0	429	59
100	100	0	0	0	0	0	0	0	0	0	0	0	0	0	0	752	97
100	100	0	0	0	0	0	0	0	0	0	0	0	0	0	0	1.2K	140
100	100	0	0	0	0	0	0	0	0	0	0	0	0	0	0	1.6K	189
100	100	200	0	0	0	0	0	0	0	0	0	0	0	0	0	1.8K	243
100	100	200	0	0	0	0	0	0	0	0	0	0	0	0	0	2.4K	302
100	100	200	0	0	0	0	0	0	0	0	0	0	0	0	0	3.1K	367
100	100	200	0	0	0	0	0	0	0	0	0	0	0	0	0	3.9K	437
100	100	200	0	0	0	0	0	0	0	0	0	0	0	0	0	4.6K	513
100	0	100	200	0	0	0	0	0	0	0	0	0	0	0	0	5.3K	680
100	0	100	200	0	0	0	0	0	0	0	0	0	0	0	0	6.9K	832
100	0	100	200	0	0	0	0	0	0	0	0	0	0	0	0	8.9K	994
100	0	100	200	0	0	0	0	0	0	0	0	0	0	0	0	11.6K	1.2K
100	0	100	200	0	0	0	0	0	0	0	0	0	0	0	0	13.5K	1.4K
100	0	0	100	200	0	0	0	0	0	0	0	0	0	0	0	13.3K	1.6K
100	0	0	100	200	0	0	0	0	0	0	0	0	0	0	0	16K	1.8K
100	0	0	100	200	0	0	0	0	0	0	0	0	0	0	0	19.2K	2K
100	0	0	100	200	0	0	0	0	0	0	0	0	0	0	0	22.7K	2.2K
100	0	0	100	200	0	0	0	0	0	0	0	0	0	0	0	24.7K	2.4K
100	0	0	0	100	200	0	0	0	0	0	0	0	0	0	0	24.2K	2.7K
100	0	0	0	100	200	0	0	0	0	0	0	0	0	0	0	28.3K	3K
100	0	0	0	100	200	0	0	0	0	0	0	0	0	0	0	34K	3.4K
100	0	0	0	100	200	0	0	0	0	0	0	0	0	0	0	39.2K	3.7K
100	0	0	0	100	200	0	0	0	0	0	0	0	0	0	0	44.1K	4.1K
100	0	0	0	0	100	200	0	0	0	0	0	0	0	0	0	42K	4.5K
100	0	0	0	0	100	200	0	0	0	0	0	0	0	0	0	50.5K	5.1K
100	0	0	0	0	100	200	0	0	0	0	0	0	0	0	0	59.1K	5.5K
100	0	0	0	0	100	200	0	0	0	0	0	0	0	0	0	67.9K	6K
100	0	0	0	0	100	200	0	0	0	0	0	0	0	0	0	73.9K	6.4K
100	0	0	0	0	0	100	200	0	0	0	0	0	0	0	0	69.7K	7.1K
100	0	0	0	0	0	100	200	0	0	0	0	0	0	0	0	79.8K	7.6K
100	0	0	0	0	0	100	200	0	0	0	0	0	0	0	0	92.6K	8.2K
100	0	0	0	0	0	100	200	0	0	0	0	0	0	0	0	106.8K	8.9K
100	0	0	0	0	0	100	200	0	0	0	0	0	0	0	0	117.6K	9.7K
100	0	0	0	0	0	0	100	200	0	0	0	0	0	0	0	109.6K	10.5K
100	0	0	0	0	0	0	100	200	0	0	0	0	0	0	0	126.7K	11.4K
100	0	0	0	0	0	0	100	200	0	0	0	0	0	0	0	145.7K	12.3K
100	0	0	0	0	0	0	100	200	0	0	0	0	0	0	0	170.1K	13.5K
100	0	0	0	0	0	0	100	200	0	0	0	0	0	0	0	186.6K	14.7K
100	0	0	0	0	0	0	0	100	200	0	0	0	0	0	0	174.4K	16K
100	0	0	0	0	0	0	0	100	200	0	0	0	0	0	0	200.4K	17K
100	0	0	0	0	0	0	0	100	200	0	0	0	0	0	0	230.8K	18K
100	0	0	0	0	0	0	0	100	200	0	0	0	0	0	0	260.4K	18.8K
100	0	0	0	0	0	0	0	100	200	0	0	0	0	0	0	282.2K	19.8K
100	0	0	0	0	0	0	0	0	100	200	0	0	0	0	0	260K	20.9K
100	0	0	0	0	0	0	0	0	100	200	0	0	0	0	0	299.5K	22.1K
100	0	0	0	0	0	0	0	0	100	200	0	0	0	0	0	340.6K	23.1K
100	0	0	0	0	0	0	0	0	100	200	0	0	0	0	0	389.8K	24.3K
100	0	0	0	0	0	0	0	0	100	200	0	0	0	0	0	425.7K	25.7K
100	0	0	0	0	0	0	0	0	0	100	200	0	0	0	0	390.9K	26.9K
100	0	0	0	0	0	0	0	0	0	100	200	0	0	0	0	449.2K	28.4K
100	0	0	0	0	0	0	0	0	0	100	200	0	0	0	0	519.2K	30K
100	0	0	0	0	0	0	0	0	0	100	200	0	0	0	0	594.7K	31.6K
100	0	0	0	0	0	0	0	0	0	100	200	0	0	0	0	645.9K	33.2K
100	0	0	0	0	0	0	0	0	0	0	100	200	0	0	0	588.6K	34.8K
100	0	0	0	0	0	0	0	0	0	0	100	200	0	0	0	674K	36.9K
100	0	0	0	0	0	0	0	0	0	0	100	200	0	0	0	763.9K	38.7K
100	0	0	0	0	0	0	0	0	0	0	100	200	0	0	0	865.4K	40.7K
100	0	0	0	0	0	0	0	0	0	0	100	200	0	0	0	934.4K	42.9K
100	0	0	0	0	0	0	0	0	0	0	0	100	200	0	0	855.9K	45.2K
100	0	0	0	0	0	0	0	0	0	0	0	100	200	0	0	978.2K	47.6K
100	0	0	0	0	0	0	0	0	0	0	0	100	200	0	0	1.1M	50K
100	0	0	0	0	0	0	0	0	0	0	0	100	200	0	0	1.3M	52.7K
100	0	0	0	0	0	0	0	0	0	0	0	100	200	0	0	1.4M	55.5K
100	0	0	0	0	0	0	0	0	0	0	0	0	100	200	0	1.3M	58.3K
100	0	0	0	0	0	0	0	0	0	0	0	0	100	200	0	1.4M	61.4K
100	0	0	0	0	0	0	0	0	0	0	0	0	100	200	0	1.6M	64.6K
100	0	0	0	0	0	0	0	0	0	0	0	0	100	200	0	1.8M	68K
100	0	0	0	0	0	0	0	0	0	0	0	0	100	200	0	1.9M	71.7K
100	0	0	0	0	0	0	0	0	0	0	0	0	0	100	200	1.7M	75.3K
100	0	0	0	0	0	0	0	0	0	0	0	0	0	100	200	1.9M	79.4K
100	0	0	0	0	0	0	0	0	0	0	0	0	0	100	200	2.1M	83.4K
100	0	0	0	0	0	0	0	0	0	0	0	0	0	100	200	2.4M	87.9K
100	0	0	0	0	0	0	0	0	0	0	0	0	0	100	200	2.5M	92.5K
100	200	0	0	0	0	0	0	0	0	0	0	0	0	0	100	2.3M	97.4K
100	200	0	0	0	0	0	0	0	0	0	0	0	0	0	100	2.6M	102.5K
100	200	0	0	0	0	0	0	0	0	0	0	0	0	0	100	2.9M	107.9K
100	200	0	0	0	0	0	0	0	0	0	0	0	0	0	100	3.2M	113.6K
100	200	0	0	0	0	0	0	0	0	0	0	0	0	0	100	3.4M	119.7K
100	100	200	0	0	0	0	0	0	0	0	0	0	0	0	0	3.1M	126K
100	100	200	0	0	0	0	0	0	0	0	0	0	0	0	0	3.4M	132.4K
100	100	200	0	0	0	0	0	0	0	0	0	0	0	0	0	3.9M	139.5K
100	100	200	0	0	0	0	0	0	0	0	0	0	0	0	0	4.3M	146.8K
100	100	200	0	0	0	0	0	0	0	0	0	0	0	0	0	4.6M	154.5K
100	100	100	300	0	0	0	0	0	0	0	0	0	0	0	0	4.1M	162.6K
100	100	100	300	0	0	0	0	0	0	0	0	0	0	0	0	4.6M	171.3K
100	100	100	300	0	0	0	0	0	0	0	0	0	0	0	0	5.2M	180.2K
100	100	100	300	0	0	0	0	0	0	0	0	0	0	0	0	5.8M	189.7K
100	100	100	300	0	0	0	0	0	0	0	0	0	0	0	0	6.1M	199.7K
100	0	100	100	300	0	0	0	0	0	0	0	0	0	0	0	5.5M	210.2K
100	0	100	100	300	0	0	0	0	0	0	0	0	0	0	0	6.2M	221.3K
100	0	100	100	300	0	0	0	0	0	0	0	0	0	0	0	6.9M	232.9K
100	0	100	100	300	0	0	0	0	0	0	0	0	0	0	0	7.7M	245.2K
100	0	100	100	300	0	0	0	0	0	0	0	0	0	0	0	8.1M	258.2K
100	0	0	100	100	300	0	0	0	0	0	0	0	0	0	0	7.3M	271.8K
100	0	0	100	100	300	0	0	0	0	0	0	0	0	0	0	8.2M	285.9K
100	0	0	100	100	300	0	0	0	0	0	0	0	0	0	0	9.2M	301.1K
100	0	0	100	100	300	0	0	0	0	0	0	0	0	0	0	10.2M	316.9K
100	0	0	100	100	300	0	0	0	0	0	0	0	0	0	0	10.8M	333.5K
100	0	0	0	100	100	300	0	0	0	0	0	0	0	0	0	9.8M	351.1K
100	0	0	0	100	100	300	0	0	0	0	0	0	0	0	0	10.9M	369.6K
100	0	0	0	100	100	300	0	0	0	0	0	0	0	0	0	12.2M	389K
100	0	0	0	100	100	300	0	0	0	0	0	0	0	0	0	13.6M	409.7K
100	0	0	0	100	100	300	0	0	0	0	0	0	0	0	0	14.4M	431.1K
100	0	0	0	0	100	100	300	0	0	0	0	0	0	0	0	13M	453.8K
100	0	0	0	0	100	100	300	0	0	0	0	0	0	0	0	14.6M	477.7K
100	0	0	0	0	100	100	300	0	0	0	0	0	0	0	0	16.3M	502.8K
100	0	0	0	0	100	100	300	0	0	0	0	0	0	0	0	18.2M	529.3K
100	0	0	0	0	100	100	300	0	0	0	0	0	0	0	0	19.2M	557.1K
100	0	0	0	0	0	100	100	300	0	0	0	0	0	0	0	17.3M	586.4K
100	0	0	0	0	0	100	100	300	0	0	0	0	0	0	0	19.4M	617.4K
100	0	0	0	0	0	100	100	300	0	0	0	0	0	0	0	21.7M	649.8K
100	0	0	0	0	0	100	100	300	0	0	0	0	0	0	0	24.1M	684K
100	0	0	0	0	0	100	100	300	0	0	0	0	0	0	0	25.6M	720.1K
100	0	0	0	0	0	0	100	100	300	0	0	0	0	0	0	23M	758K
100	0	0	0	0	0	0	100	100	300	0	0	0	0	0	0	25.8M	797.9K
100	0	0	0	0	0	0	100	100	300	0	0	0	0	0	0	28.6M	839.8K
100	0	0	0	0	0	0	100	100	300	0	0	0	0	0	0	31.7M	884.1K
100	0	0	0	0	0	0	100	100	300	0	0	0	0	0	0	33.4M	930.5K
100	0	0	0	0	0	0	0	100	100	300	0	0	0	0	0	29.9M	979.5K
100	0	0	0	0	0	0	0	100	100	300	0	0	0	0	0	33.3M	1M
100	0	0	0	0	0	0	0	100	100	300	0	0	0	0	0	37M	1.1M
100	0	0	0	0	0	0	0	100	100	300	0	0	0	0	0	41M	1.1M
100	0	0	0	0	0	0	0	100	100	300	0	0	0	0	0	43.2M	1.2M
100	0	0	0	0	0	0	0	0	100	100	300	0	0	0	0	38.6M	1.3M
100	0	0	0	0	0	0	0	0	100	100	300	0	0	0	0	43M	1.3M
100	0	0	0	0	0	0	0	0	100	100	300	0	0	0	0	47.8M	1.4M
100	0	0	0	0	0	0	0	0	100	100	300	0	0	0	0	53M	1.5M
100	0	0	0	0	0	0	0	0	100	100	300	0	0	0	0	55.8M	1.6M
100	0	0	0	0	0	0	0	0	0	100	100	300	0	0	0	49.9M	1.6M
100	0	0	0	0	0	0	0	0	0	100	100	300	0	0	0	55.6M	1.7M
100	0	0	0	0	0	0	0	0	0	100	100	300	0	0	0	61.8M	1.8M
100	0	0	0	0	0	0	0	0	0	100	100	300	0	0	0	68.5M	1.9M
100	0	0	0	0	0	0	0	0	0	100	100	300	0	0	0	72.1M	2M
100	0	0	0	0	0	0	0	0	0	0	100	100	300	0	0	64.5M	2.1M
100	0	0	0	0	0	0	0	0	0	0	100	100	300	0	0	71.9M	2.2M
100	0	0	0	0	0	0	0	0	0	0	100	100	300	0	0	79.9M	2.3M
100	0	0	0	0	0	0	0	0	0	0	100	100	300	0	0	88.5M	2.5M
100	0	0	0	0	0	0	0	0	0	0	100	100	300	0	0	93.2M	2.6M
100	0	0	0	0	0	0	0	0	0	0	0	100	100	300	0	83.4M	2.7M
100	0	0	0	0	0	0	0	0	0	0	0	100	100	300	0	92.9M	2.9M
100	0	0	0	0	0	0	0	0	0	0	0	100	100	300	0	103.2M	3M
100	0	0	0	0	0	0	0	0	0	0	0	100	100	300	0	114.4M	3.2M
100	0	0	0	0	0	0	0	0	0	0	0	100	100	300	0	120.4M	3.4M
100	0	0	0	0	0	0	0	0	0	0	0	0	100	100	300	107.7M	3.5M
100	0	0	0	0	0	0	0	0	0	0	0	0	100	100	300	120.1M	3.7M
100	0	0	0	0	0	0	0	0	0	0	0	0	100	100	300	133.4M	3.9M
100	0	0	0	0	0	0	0	0	0	0	0	0	100	100	300	147.8M	4.1M
100	0	0	0	0	0	0	0	0	0	0	0	0	100	100	300	155.6M	4.3M
100	300	0	0	0	0	0	0	0	0	0	0	0	0	100	100	139.2M	4.6M
100	300	0	0	0	0	0	0	0	0	0	0	0	0	100	100	155.2M	4.8M
100	300	0	0	0	0	0	0	0	0	0	0	0	0	100	100	172.4M	5.1M
100	300	0	0	0	0	0	0	0	0	0	0	0	0	100	100	191M	5.3M
100	300	0	0	0	0	0	0	0	0	0	0	0	0	100	100	201.1M	5.6M
100	100	300	0	0	0	0	0	0	0	0	0	0	0	0	100	179.9M	5.9M
100	100	300	0	0	0	0	0	0	0	0	0	0	0	0	100	200.5M	6.2M
100	100	300	0	0	0	0	0	0	0	0	0	0	0	0	100	222.8M	6.5M
100	100	300	0	0	0	0	0	0	0	0	0	0	0	0	100	246.9M	6.9M
100	100	300	0	0	0	0	0	0	0	0	0	0	0	0	100	259.9M	7.2M
100	100	100	300	0	0	0	0	0	0	0	0	0	0	0	0	232.5M	7.6M
100	100	100	300	0	0	0	0	0	0	0	0	0	0	0	0	259.2M	8M
100	100	100	300	0	0	0	0	0	0	0	0	0	0	0	0	288M	8.4M
100	100	100	300	0	0	0	0	0	0	0	0	0	0	0	0	319.1M	8.9M
100	100	100	300	0	0	0	0	0	0	0	0	0	0	0	0	335.9M	9.4M
100	100	100	100	400	0	0	0	0	0	0	0	0	0	0	0	300.5M	9.9M
100	100	100	100	400	0	0	0	0	0	0	0	0	0	0	0	334.9M	10.4M
100	100	100	100	400	0	0	0	0	0	0	0	0	0	0	0	372.1M	10.9M
100	100	100	100	400	0	0	0	0	0	0	0	0	0	0	0	412.3M	11.5M
100	100	100	100	400	0	0	0	0	0	0	0	0	0	0	0	434M	12.1M
100	0	100	100	100	400	0	0	0	0	0	0	0	0	0	0	388.4M	12.7M
100	0	100	100	100	400	0	0	0	0	0	0	0	0	0	0	432.8M	13.4M
100	0	100	100	100	400	0	0	0	0	0	0	0	0	0	0	480.9M	14.1M
100	0	100	100	100	400	0	0	0	0	0	0	0	0	0	0	532.9M	14.8M
100	0	100	100	100	400	0	0	0	0	0	0	0	0	0	0	560.9M	15.6M
100	0	0	100	100	100	400	0	0	0	0	0	0	0	0	0	501.9M	16.5M
100	0	0	100	100	100	400	0	0	0	0	0	0	0	0	0	559.4M	17.3M
100	0	0	100	100	100	400	0	0	0	0	0	0	0	0	0	621.5M	18.2M
100	0	0	100	100	100	400	0	0	0	0	0	0	0	0	0	688.7M	19.2M
100	0	0	100	100	100	400	0	0	0	0	0	0	0	0	0	724.9M	20.2M
100	0	0	0	100	100	100	400	0	0	0	0	0	0	0	0	648.6M	21.3M
100	0	0	0	100	100	100	400	0	0	0	0	0	0	0	0	722.9M	22.4M
100	0	0	0	100	100	100	400	0	0	0	0	0	0	0	0	803.2M	23.6M
100	0	0	0	100	100	100	400	0	0	0	0	0	0	0	0	890M	24.8M
100	0	0	0	100	100	100	400	0	0	0	0	0	0	0	0	936.9M	26.1M
100	0	0	0	0	100	100	100	400	0	0	0	0	0	0	0	838.3M	27.5M
100	0	0	0	0	100	100	100	400	0	0	0	0	0	0	0	934.3M	28.9M
100	0	0	0	0	100	100	100	400	0	0	0	0	0	0	0	1B	30.4M
100	0	0	0	0	100	100	100	400	0	0	0	0	0	0	0	1.2B	32M
100	0	0	0	0	100	100	100	400	0	0	0	0	0	0	0	1.2B	33.7M
100	0	0	0	0	0	100	100	100	400	0	0	0	0	0	0	1.1B	35.5M
100	0	0	0	0	0	100	100	100	400	0	0	0	0	0	0	1.2B	37.4M
100	0	0	0	0	0	100	100	100	400	0	0	0	0	0	0	1.3B	39.3M
100	0	0	0	0	0	100	100	100	400	0	0	0	0	0	0	1.5B	41.4M
100	0	0	0	0	0	100	100	100	400	0	0	0	0	0	0	1.6B	43.6M
100	0	0	0	0	0	0	100	100	100	400	0	0	0	0	0	1.4B	45.9M
100	0	0	0	0	0	0	100	100	100	400	0	0	0	0	0	1.6B	48.3M
100	0	0	0	0	0	0	100	100	100	400	0	0	0	0	0	1.7B	50.9M
100	0	0	0	0	0	0	100	100	100	400	0	0	0	0	0	1.9B	53.5M
100	0	0	0	0	0	0	100	100	100	400	0	0	0	0	0	2B	56.3M
100	0	0	0	0	0	0	0	100	100	100	400	0	0	0	0	1.8B	59.3M
100	0	0	0	0	0	0	0	100	100	100	400	0	0	0	0	2B	62.4M
100	0	0	0	0	0	0	0	100	100	100	400	0	0	0	0	2.2B	65.7M
100	0	0	0	0	0	0	0	100	100	100	400	0	0	0	0	2.5B	69.2M
100	0	0	0	0	0	0	0	100	100	100	400	0	0	0	0	2.6B	72.8M
100	0	0	0	0	0	0	0	0	100	100	100	400	0	0	0	2.3B	76.7M
100	0	0	0	0	0	0	0	0	100	100	100	400	0	0	0	2.6B	80.7M
100	0	0	0	0	0	0	0	0	100	100	100	400	0	0	0	2.9B	84.9M
100	0	0	0	0	0	0	0	0	100	100	100	400	0	0	0	3.2B	89.4M
100	0	0	0	0	0	0	0	0	100	100	100	400	0	0	0	3.4B	94.1M
100	0	0	0	0	0	0	0	0	0	100	100	100	400	0	0	3B	99.1M
100	0	0	0	0	0	0	0	0	0	100	100	100	400	0	0	3.4B	104.3M
100	0	0	0	0	0	0	0	0	0	100	100	100	400	0	0	3.7B	109.8M
100	0	0	0	0	0	0	0	0	0	100	100	100	400	0	0	4.1B	115.5M
100	0	0	0	0	0	0	0	0	0	100	100	100	400	0	0	4.4B	121.6M
100	0	0	0	0	0	0	0	0	0	0	100	100	100	400	0	3.9B	128M
100	0	0	0	0	0	0	0	0	0	0	100	100	100	400	0	4.4B	134.8M
100	0	0	0	0	0	0	0	0	0	0	100	100	100	400	0	4.8B	141.9M
100	0	0	0	0	0	0	0	0	0	0	100	100	100	400	0	5.4B	149.3M
100	0	0	0	0	0	0	0	0	0	0	100	100	100	400	0	5.6B	157.2M
100	0	0	0	0	0	0	0	0	0	0	0	100	100	100	400	5B	165.5M
100	0	0	0	0	0	0	0	0	0	0	0	100	100	100	400	5.6B	174.2M
100	0	0	0	0	0	0	0	0	0	0	0	100	100	100	400	6.3B	183.3M
100	0	0	0	0	0	0	0	0	0	0	0	100	100	100	400	6.9B	193M
100	0	0	0	0	0	0	0	0	0	0	0	100	100	100	400	7.3B	203.1M
100	400	0	0	0	0	0	0	0	0	0	0	0	100	100	100	6.5B	213.8M
100	400	0	0	0	0	0	0	0	0	0	0	0	100	100	100	7.3B	225.1M
100	400	0	0	0	0	0	0	0	0	0	0	0	100	100	100	8.1B	236.9M
100	400	0	0	0	0	0	0	0	0	0	0	0	100	100	100	9B	249.4M
100	400	0	0	0	0	0	0	0	0	0	0	0	100	100	100	9.4B	262.5M
100	100	400	0	0	0	0	0	0	0	0	0	0	0	100	100	8.4B	276.3M
100	100	400	0	0	0	0	0	0	0	0	0	0	0	100	100	9.4B	290.9M
100	100	400	0	0	0	0	0	0	0	0	0	0	0	100	100	10.4B	306.2M
100	100	400	0	0	0	0	0	0	0	0	0	0	0	100	100	11.6B	322.3M
100	100	400	0	0	0	0	0	0	0	0	0	0	0	100	100	12.2B	339.3M
100	100	100	400	0	0	0	0	0	0	0	0	0	0	0	100	10.9B	357.1M
100	100	100	400	0	0	0	0	0	0	0	0	0	0	0	100	12.1B	375.9M
100	100	100	400	0	0	0	0	0	0	0	0	0	0	0	100	13.5B	395.7M
100	100	100	400	0	0	0	0	0	0	0	0	0	0	0	100	14.9B	416.5M
100	100	100	400	0	0	0	0	0	0	0	0	0	0	0	100	15.7B	438.5M
100	100	100	100	400	0	0	0	0	0	0	0	0	0	0	0	14.1B	461.5M
100	100	100	100	400	0	0	0	0	0	0	0	0	0	0	0	15.7B	485.8M
100	100	100	100	400	0	0	0	0	0	0	0	0	0	0	0	17.4B	511.4M
100	100	100	100	400	0	0	0	0	0	0	0	0	0	0	0	19.3B	538.3M
100	100	100	100	400	0	0	0	0	0	0	0	0	0	0	0	20.3B	566.6M
100	100	100	100	100	500	0	0	0	0	0	0	0	0	0	0	18.2B	596.5M
100	100	100	100	100	500	0	0	0	0	0	0	0	0	0	0	20.3B	627.8M
100	100	100	100	100	500	0	0	0	0	0	0	0	0	0	0	22.5B	660.9M
100	100	100	100	100	500	0	0	0	0	0	0	0	0	0	0	25B	695.7M
100	100	100	100	100	500	0	0	0	0	0	0	0	0	0	0	26.3B	732.3M
100	0	100	100	100	100	500	0	0	0	0	0	0	0	0	0	23.5B	770.8M
100	0	100	100	100	100	500	0	0	0	0	0	0	0	0	0	26.2B	811.4M
100	0	100	100	100	100	500	0	0	0	0	0	0	0	0	0	29.1B	854.1M
100	0	100	100	100	100	500	0	0	0	0	0	0	0	0	0	32.3B	899.1M
100	0	100	100	100	100	500	0	0	0	0	0	0	0	0	0	34B	946.4M
100	0	0	100	100	100	100	500	0	0	0	0	0	0	0	0	30.4B	996.2M
100	0	0	100	100	100	100	500	0	0	0	0	0	0	0	0	33.9B	1B
100	0	0	100	100	100	100	500	0	0	0	0	0	0	0	0	37.6B	1.1B
100	0	0	100	100	100	100	500	0	0	0	0	0	0	0	0	41.7B	1.2B
100	0	0	100	100	100	100	500	0	0	0	0	0	0	0	0	43.9B	1.2B
100	0	0	0	100	100	100	100	500	0	0	0	0	0	0	0	39.3B	1.3B
100	0	0	0	100	100	100	100	500	0	0	0	0	0	0	0	43.8B	1.4B
100	0	0	0	100	100	100	100	500	0	0	0	0	0	0	0	48.6B	1.4B
100	0	0	0	100	100	100	100	500	0	0	0	0	0	0	0	53.9B	1.5B
100	0	0	0	100	100	100	100	500	0	0	0	0	0	0	0	56.7B	1.6B
100	0	0	0	0	100	100	100	100	500	0	0	0	0	0	0	50.8B	1.7B
100	0	0	0	0	100	100	100	100	500	0	0	0	0	0	0	56.6B	1.8B
100	0	0	0	0	100	100	100	100	500	0	0	0	0	0	0	62.9B	1.8B
100	0	0	0	0	100	100	100	100	500	0	0	0	0	0	0	69.6B	1.9B
100	0	0	0	0	100	100	100	100	500	0	0	0	0	0	0	73.3B	2B
100	0	0	0	0	0	100	100	100	100	500	0	0	0	0	0	65.6B	2.2B
100	0	0	0	0	0	100	100	100	100	500	0	0	0	0	0	73.1B	2.3B
100	0	0	0	0	0	100	100	100	100	500	0	0	0	0	0	81.2B	2.4B
100	0	0	0	0	0	100	100	100	100	500	0	0	0	0	0	90B	2.5B
100	0	0	0	0	0	100	100	100	100	500	0	0	0	0	0	94.7B	2.6B
100	0	0	0	0	0	0	100	100	100	100	500	0	0	0	0	84.8B	2.8B
100	0	0	0	0	0	0	100	100	100	100	500	0	0	0	0	94.5B	2.9B
100	0	0	0	0	0	0	100	100	100	100	500	0	0	0	0	105B	3.1B
100	0	0	0	0	0	0	100	100	100	100	500	0	0	0	0	116.3B	3.2B
100	0	0	0	0	0	0	100	100	100	100	500	0	0	0	0	122.4B	3.4B
100	0	0	0	0	0	0	0	100	100	100	100	500	0	0	0	109.6B	3.6B
100	0	0	0	0	0	0	0	100	100	100	100	500	0	0	0	122.1B	3.8B
100	0	0	0	0	0	0	0	100	100	100	100	500	0	0	0	135.7B	4B
100	0	0	0	0	0	0	0	100	100	100	100	500	0	0	0	150.3B	4.2B
100	0	0	0	0	0	0	0	100	100	100	100	500	0	0	0	158.2B	4.4B
100	0	0	0	0	0	0	0	0	100	100	100	100	500	0	0	141.6B	4.6B
100	0	0	0	0	0	0	0	0	100	100	100	100	500	0	0	157.8B	4.9B
100	0	0	0	0	0	0	0	0	100	100	100	100	500	0	0	175.3B	5.1B
100	0	0	0	0	0	0	0	0	100	100	100	100	500	0	0	194.3B	5.4B
100	0	0	0	0	0	0	0	0	100	100	100	100	500	0	0	204.5B	5.7B
100	0	0	0	0	0	0	0	0	0	100	100	100	100	500	0	183B	6B
100	0	0	0	0	0	0	0	0	0	100	100	100	100	500	0	203.9B	6.3B
100	0	0	0	0	0	0	0	0	0	100	100	100	100	500	0	226.6B	6.6B
100	0	0	0	0	0	0	0	0	0	100	100	100	100	500	0	251.1B	7B
100	0	0	0	0	0	0	0	0	0	100	100	100	100	500	0	264.3B	7.4B
100	0	0	0	0	0	0	0	0	0	0	100	100	100	100	500	236.5B	7.8B
100	0	0	0	0	0	0	0	0	0	0	100	100	100	100	500	263.6B	8.2B
100	0	0	0	0	0	0	0	0	0	0	100	100	100	100	500	292.8B	8.6B
100	0	0	0	0	0	0	0	0	0	0	100	100	100	100	500	324.5B	9B
100	0	0	0	0	0	0	0	0	0	0	100	100	100	100	500	341.6B	9.5B
100	500	0	0	0	0	0	0	0	0	0	0	100	100	100	100	305.6B	10B
100	500	0	0	0	0	0	0	0	0	0	0	100	100	100	100	340.6B	10.5B
100	500	0	0	0	0	0	0	0	0	0	0	100	100	100	100	378.5B	11.1B
100	500	0	0	0	0	0	0	0	0	0	0	100	100	100	100	419.3B	11.7B
100	500	0	0	0	0	0	0	0	0	0	0	100	100	100	100	441.4B	12.3B
100	100	500	0	0	0	0	0	0	0	0	0	0	100	100	100	394.9B	12.9B
100	100	500	0	0	0	0	0	0	0	0	0	0	100	100	100	440.2B	13.6B
100	100	500	0	0	0	0	0	0	0	0	0	0	100	100	100	489.1B	14.3B
100	100	500	0	0	0	0	0	0	0	0	0	0	100	100	100	541.9B	15.1B
100	100	500	0	0	0	0	0	0	0	0	0	0	100	100	100	570.5B	15.9B
100	100	100	500	0	0	0	0	0	0	0	0	0	0	100	100	510.4B	16.7B
100	100	100	500	0	0	0	0	0	0	0	0	0	0	100	100	568.9B	17.6B
100	100	100	500	0	0	0	0	0	0	0	0	0	0	100	100	632.1B	18.5B
100	100	100	500	0	0	0	0	0	0	0	0	0	0	100	100	700.4B	19.5B
100	100	100	500	0	0	0	0	0	0	0	0	0	0	100	100	737.2B	20.5B
100	100	100	100	500	0	0	0	0	0	0	0	0	0	0	100	659.6B	21.6B
100	100	100	100	500	0	0	0	0	0	0	0	0	0	0	100	735.2B	22.8B
100	100	100	100	500	0	0	0	0	0	0	0	0	0	0	100	816.9B	24B
100	100	100	100	500	0	0	0	0	0	0	0	0	0	0	100	905.1B	25.2B
100	100	100	100	500	0	0	0	0	0	0	0	0	0	0	100	952.8B	26.5B
100	100	100	100	100	500	0	0	0	0	0	0	0	0	0	0	852.5B	27.9B
100	100	100	100	100	500	0	0	0	0	0	0	0	0	0	0	950.1B	29.4B
100	100	100	100	100	500	0	0	0	0	0	0	0	0	0	0	1.1T	31B
100	100	100	100	100	500	0	0	0	0	0	0	0	0	0	0	1.2T	32.6B
100	100	100	100	100	500	0	0	0	0	0	0	0	0	0	0	1.2T	34.3B
100	100	100	100	100	100	600	0	0	0	0	0	0	0	0	0	1.1T	36.1B
100	100	100	100	100	100	600	0	0	0	0	0	0	0	0	0	1.2T	38B
100	100	100	100	100	100	600	0	0	0	0	0	0	0	0	0	1.4T	40B
100	100	100	100	100	100	600	0	0	0	0	0	0	0	0	0	1.5T	42.1B
100	100	100	100	100	100	600	0	0	0	0	0	0	0	0	0	1.6T	44.3B
100	0	100	100	100	100	100	600	0	0	0	0	0	0	0	0	1.4T	46.7B
100	0	100	100	100	100	100	600	0	0	0	0	0	0	0	0	1.6T	49.1B
100	0	100	100	100	100	100	600	0	0	0	0	0	0	0	0	1.8T	51.7B
100	0	100	100	100	100	100	600	0	0	0	0	0	0	0	0	2T	54.4B
100	0	100	100	100	100	100	600	0	0	0	0	0	0	0	0	2.1T	57.3B
100	0	0	100	100	100	100	100	600	0	0	0	0	0	0	0	1.8T	60.3B
100	0	0	100	100	100	100	100	600	0	0	0	0	0	0	0	2.1T	63.5B
100	0	0	100	100	100	100	100	600	0	0	0	0	0	0	0	2.3T	66.8B
100	0	0	100	100	100	100	100	600	0	0	0	0	0	0	0	2.5T	70.4B
100	0	0	100	100	100	100	100	600	0	0	0	0	0	0	0	2.7T	74.1B
100	0	0	0	100	100	100	100	100	600	0	0	0	0	0	0	2.4T	78B
100	0	0	0	100	100	100	100	100	600	0	0	0	0	0	0	2.7T	82.1B
100	0	0	0	100	100	100	100	100	600	0	0	0	0	0	0	2.9T	86.4B
100	0	0	0	100	100	100	100	100	600	0	0	0	0	0	0	3.3T	90.9B
100	0	0	0	100	100	100	100	100	600	0	0	0	0	0	0	3.4T	95.7B
100	0	0	0	0	100	100	100	100	100	600	0	0	0	0	0	3.1T	100.7B
100	0	0	0	0	100	100	100	100	100	600	0	0	0	0	0	3.4T	106B
100	0	0	0	0	100	100	100	100	100	600	0	0	0	0	0	3.8T	111.6B
100	0	0	0	0	100	100	100	100	100	600	0	0	0	0	0	4.2T	117.5B
100	0	0	0	0	100	100	100	100	100	600	0	0	0	0	0	4.4T	123.7B
100	0	0	0	0	0	100	100	100	100	100	600	0	0	0	0	4T	130.2B
100	0	0	0	0	0	100	100	100	100	100	600	0	0	0	0	4.4T	137B
100	0	0	0	0	0	100	100	100	100	100	600	0	0	0	0	4.9T	144.3B
100	0	0	0	0	0	100	100	100	100	100	600	0	0	0	0	5.4T	151.9B
100	0	0	0	0	0	100	100	100	100	100	600	0	0	0	0	5.7T	159.8B
100	0	0	0	0	0	0	100	100	100	100	100	600	0	0	0	5.1T	168.3B
100	0	0	0	0	0	0	100	100	100	100	100	600	0	0	0	5.7T	177.1B
100	0	0	0	0	0	0	100	100	100	100	100	600	0	0	0	6.4T	186.4B
100	0	0	0	0	0	0	100	100	100	100	100	600	0	0	0	7T	196.3B
100	0	0	0	0	0	0	100	100	100	100	100	600	0	0	0	7.4T	206.6B
100	0	0	0	0	0	0	0	100	100	100	100	100	600	0	0	6.6T	217.5B
100	0	0	0	0	0	0	0	100	100	100	100	100	600	0	0	7.4T	228.9B
100	0	0	0	0	0	0	0	100	100	100	100	100	600	0	0	8.2T	240.9B
100	0	0	0	0	0	0	0	100	100	100	100	100	600	0	0	9.1T	253.6B
100	0	0	0	0	0	0	0	100	100	100	100	100	600	0	0	9.6T	267B
100	0	0	0	0	0	0	0	0	100	100	100	100	100	600	0	8.6T	281B
100	0	0	0	0	0	0	0	0	100	100	100	100	100	600	0	9.6T	295.8B
100	0	0	0	0	0	0	0	0	100	100	100	100	100	600	0	10.6T	311.4B
100	0	0	0	0	0	0	0	0	100	100	100	100	100	600	0	11.8T	327.8B
100	0	0	0	0	0	0	0	0	100	100	100	100	100	600	0	12.4T	345B
100	0	0	0	0	0	0	0	0	0	100	100	100	100	100	600	11.1T	363.2B
100	0	0	0	0	0	0	0	0	0	100	100	100	100	100	600	12.3T	382.3B
100	0	0	0	0	0	0	0	0	0	100	100	100	100	100	600	13.7T	402.4B
100	0	0	0	0	0	0	0	0	0	100	100	100	100	100	600	15.2T	423.6B
100	0	0	0	0	0	0	0	0	0	100	100	100	100	100	600	16T	445.9B
100	600	0	0	0	0	0	0	0	0	0	100	100	100	100	100	14.3T	469.4B
100	600	0	0	0	0	0	0	0	0	0	100	100	100	100	100	16T	494.1B
100	600	0	0	0	0	0	0	0	0	0	100	100	100	100	100	17.7T	520.1B
100	600	0	0	0	0	0	0	0	0	0	100	100	100	100	100	19.6T	547.4B
100	600	0	0	0	0	0	0	0	0	0	100	100	100	100	100	20.7T	576.3B
100	100	600	0	0	0	0	0	0	0	0	0	100	100	100	100	18.5T	606.6B
100	100	600	0	0	0	0	0	0	0	0	0	100	100	100	100	20.6T	638.5B
100	100	600	0	0	0	0	0	0	0	0	0	100	100	100	100	22.9T	672.1B
100	100	600	0	0	0	0	0	0	0	0	0	100	100	100	100	25.4T	707.5B
100	100	600	0	0	0	0	0	0	0	0	0	100	100	100	100	26.7T	744.7B
100	100	100	600	0	0	0	0	0	0	0	0	0	100	100	100	23.9T	783.9B
100	100	100	600	0	0	0	0	0	0	0	0	0	100	100	100	26.7T	825.2B
100	100	100	600	0	0	0	0	0	0	0	0	0	100	100	100	29.6T	868.6B
100	100	100	600	0	0	0	0	0	0	0	0	0	100	100	100	32.8T	914.3B
100	100	100	600	0	0	0	0	0	0	0	0	0	100	100	100	34.5T	962.5B
100	100	100	100	600	0	0	0	0	0	0	0	0	0	100	100	30.9T	1T
100	100	100	100	600	0	0	0	0	0	0	0	0	0	100	100	34.4T	1.1T
100	100	100	100	600	0	0	0	0	0	0	0	0	0	100	100	38.3T	1.1T
100	100	100	100	600	0	0	0	0	0	0	0	0	0	100	100	42.4T	1.2T
100	100	100	100	600	0	0	0	0	0	0	0	0	0	100	100	44.6T	1.2T
100	100	100	100	100	600	0	0	0	0	0	0	0	0	0	100	39.9T	1.3T
100	100	100	100	100	600	0	0	0	0	0	0	0	0	0	100	44.5T	1.4T
100	100	100	100	100	600	0	0	0	0	0	0	0	0	0	100	49.5T	1.5T
100	100	100	100	100	600	0	0	0	0	0	0	0	0	0	100	54.8T	1.5T
100	100	100	100	100	600	0	0	0	0	0	0	0	0	0	100	57.7T	1.6T
100	100	100	100	100	100	600	0	0	0	0	0	0	0	0	0	51.6T	1.7T
100	100	100	100	100	100	600	0	0	0	0	0	0	0	0	0	57.5T	1.8T
100	100	100	100	100	100	600	0	0	0	0	0	0	0	0	0	63.9T	1.9T
100	100	100	100	100	100	600	0	0	0	0	0	0	0	0	0	70.8T	2T
100	100	100	100	100	100	600	0	0	0	0	0	0	0	0	0	74.6T	2.1T
100	100	100	100	100	100	100	700	0	0	0	0	0	0	0	0	66.7T	2.2T
100	100	100	100	100	100	100	700	0	0	0	0	0	0	0	0	74.3T	2.3T
100	100	100	100	100	100	100	700	0	0	0	0	0	0	0	0	82.6T	2.4T
100	100	100	100	100	100	100	700	0	0	0	0	0	0	0	0	91.5T	2.6T
100	100	100	100	100	100	100	700	0	0	0	0	0	0	0	0	96.4T	2.7T
100	0	100	100	100	100	100	100	700	0	0	0	0	0	0	0	86.2T	2.8T
100	0	100	100	100	100	100	100	700	0	0	0	0	0	0	0	96.1T	3T
100	0	100	100	100	100	100	100	700	0	0	0	0	0	0	0	106.8T	3.1T
100	0	100	100	100	100	100	100	700	0	0	0	0	0	0	0	118.3T	3.3T
100	0	100	100	100	100	100	100	700	0	0	0	0	0	0	0	124.5T	3.5T
100	0	0	100	100	100	100	100	100	700	0	0	0	0	0	0	111.4T	3.7T
100	0	0	100	100	100	100	100	100	700	0	0	0	0	0	0	124.2T	3.8T
100	0	0	100	100	100	100	100	100	700	0	0	0	0	0	0	138T	4T
100	0	0	100	100	100	100	100	100	700	0	0	0	0	0	0	152.9T	4.3T
100	0	0	100	100	100	100	100	100	700	0	0	0	0	0	0	160.9T	4.5T
100	0	0	0	100	100	100	100	100	100	700	0	0	0	0	0	144T	4.7T
100	0	0	0	100	100	100	100	100	100	700	0	0	0	0	0	160.5T	5T
100	0	0	0	100	100	100	100	100	100	700	0	0	0	0	0	178.3T	5.2T
100	0	0	0	100	100	100	100	100	100	700	0	0	0	0	0	197.6T	5.5T
100	0	0	0	100	100	100	100	100	100	700	0	0	0	0	0	208T	5.8T
100	0	0	0	0	100	100	100	100	100	100	700	0	0	0	0	186.1T	6.1T
100	0	0	0	0	100	100	100	100	100	100	700	0	0	0	0	207.4T	6.4T
100	0	0	0	0	100	100	100	100	100	100	700	0	0	0	0	230.4T	6.8T
100	0	0	0	0	100	100	100	100	100	100	700	0	0	0	0	255.3T	7.1T
100	0	0	0	0	100	100	100	100	100	100	700	0	0	0	0	268.8T	7.5T
100	0	0	0	0	0	100	100	100	100	100	100	700	0	0	0	240.5T	7.9T
100	0	0	0	0	0	100	100	100	100	100	100	700	0	0	0	268T	8.3T
100	0	0	0	0	0	100	100	100	100	100	100	700	0	0	0	297.8T	8.7T
100	0	0	0	0	0	100	100	100	100	100	100	700	0	0	0	330T	9.2T
100	0	0	0	0	0	100	100	100	100	100	100	700	0	0	0	347.4T	9.7T
100	0	0	0	0	0	0	100	100	100	100	100	100	700	0	0	310.8T	10.2T
100	0	0	0	0	0	0	100	100	100	100	100	100	700	0	0	346.4T	10.7T
100	0	0	0	0	0	0	100	100	100	100	100	100	700	0	0	384.9T	11.3T
100	0	0	0	0	0	0	100	100	100	100	100	100	700	0	0	426.5T	11.9T
100	0	0	0	0	0	0	100	100	100	100	100	100	700	0	0	448.9T	12.5T
100	0	0	0	0	0	0	0	100	100	100	100	100	100	700	0	401.7T	13.2T
100	0	0	0	0	0	0	0	100	100	100	100	100	100	700	0	447.7T	13.9T
100	0	0	0	0	0	0	0	100	100	100	100	100	100	700	0	497.4T	14.6T
100	0	0	0	0	0	0	0	100	100	100	100	100	100	700	0	551.1T	15.4T
100	0	0	0	0	0	0	0	100	100	100	100	100	100	700	0	580.2T	16.2T
100	0	0	0	0	0	0	0	0	100	100	100	100	100	100	700	519.1T	17T
100	0	0	0	0	0	0	0	0	100	100	100	100	100	100	700	578.5T	17.9T
100	0	0	0	0	0	0	0	0	100	100	100	100	100	100	700	642.8T	18.9T
100	0	0	0	0	0	0	0	0	100	100	100	100	100	100	700	712.3T	19.8T
100	0	0	0	0	0	0	0	0	100	100	100	100	100	100	700	749.8T	20.9T
100	700	0	0	0	0	0	0	0	0	100	100	100	100	100	100	670.8T	22T
100	700	0	0	0	0	0	0	0	0	100	100	100	100	100	100	747.7T	23.1T
100	700	0	0	0	0	0	0	0	0	100	100	100	100	100	100	830.8T	24.4T
100	700	0	0	0	0	0	0	0	0	100	100	100	100	100	100	920.5T	25.6T
100	700	0	0	0	0	0	0	0	0	100	100	100	100	100	100	969T	27T
100	100	700	0	0	0	0	0	0	0	0	100	100	100	100	100	867T	28.4T
100	100	700	0	0	0	0	0	0	0	0	100	100	100	100	100	966.3T	29.9T
100	100	700	0	0	0	0	0	0	0	0	100	100	100	100	100	1.1P	31.5T
100	100	700	0	0	0	0	0	0	0	0	100	100	100	100	100	1.2P	33.1T
100	100	700	0	0	0	0	0	0	0	0	100	100	100	100	100	1.3P	34.9T
100	100	100	700	0	0	0	0	0	0	0	0	100	100	100	100	1.1P	36.7T
100	100	100	700	0	0	0	0	0	0	0	0	100	100	100	100	1.2P	38.7T
100	100	100	700	0	0	0	0	0	0	0	0	100	100	100	100	1.4P	40.7T
100	100	100	700	0	0	0	0	0	0	0	0	100	100	100	100	1.5P	42.8T
100	100	100	700	0	0	0	0	0	0	0	0	100	100	100	100	1.6P	45.1T
100	100	100	100	700	0	0	0	0	0	0	0	0	100	100	100	1.4P	47.5T
100	100	100	100	700	0	0	0	0	0	0	0	0	100	100	100	1.6P	50T
100	100	100	100	700	0	0	0	0	0	0	0	0	100	100	100	1.8P	52.6T
100	100	100	100	700	0	0	0	0	0	0	0	0	100	100	100	2P	55.4T
100	100	100	100	700	0	0	0	0	0	0	0	0	100	100	100	2.1P	58.3T
100	100	100	100	100	700	0	0	0	0	0	0	0	0	100	100	1.9P	61.3T
100	100	100	100	100	700	0	0	0	0	0	0	0	0	100	100	2.1P	64.6T
100	100	100	100	100	700	0	0	0	0	0	0	0	0	100	100	2.3P	68T
100	100	100	100	100	700	0	0	0	0	0	0	0	0	100	100	2.6P	71.5T
100	100	100	100	100	700	0	0	0	0	0	0	0	0	100	100	2.7P	75.3T
100	100	100	100	100	100	700	0	0	0	0	0	0	0	0	100	2.4P	79.3T
100	100	100	100	100	100	700	0	0	0	0	0	0	0	0	100	2.7P	83.4T
100	100	100	100	100	100	700	0	0	0	0	0	0	0	0	100	3P	87.8T
100	100	100	100	100	100	700	0	0	0	0	0	0	0	0	100	3.3P	92.5T
100	100	100	100	100	100	700	0	0	0	0	0	0	0	0	100	3.5P	97.3T
100	100	100	100	100	100	100	700	0	0	0	0	0	0	0	0	3.1P	102.5T
100	100	100	100	100	100	100	700	0	0	0	0	0	0	0	0	3.5P	107.8T
100	100	100	100	100	100	100	700	0	0	0	0	0	0	0	0	3.9P	113.5T
100	100	100	100	100	100	100	700	0	0	0	0	0	0	0	0	4.3P	119.5T
100	100	100	100	100	100	100	700	0	0	0	0	0	0	0	0	4.5P	125.8T
100	100	100	100	100	100	100	100	800	0	0	0	0	0	0	0	4P	132.4T
100	100	100	100	100	100	100	100	800	0	0	0	0	0	0	0	4.5P	139.4T
100	100	100	100	100	100	100	100	800	0	0	0	0	0	0	0	5P	146.7T
100	100	100	100	100	100	100	100	800	0	0	0	0	0	0	0	5.5P	154.4T
100	100	100	100	100	100	100	100	800	0	0	0	0	0	0	0	5.8P	162.6T
100	0	100	100	100	100	100	100	100	800	0	0	0	0	0	0	5.2P	171.1T
100	0	100	100	100	100	100	100	100	800	0	0	0	0	0	0	5.8P	180.1T
100	0	100	100	100	100	100	100	100	800	0	0	0	0	0	0	6.5P	189.6T
100	0	100	100	100	100	100	100	100	800	0	0	0	0	0	0	7.2P	199.6T
100	0	100	100	100	100	100	100	100	800	0	0	0	0	0	0	7.5P	210.1T
100	0	0	100	100	100	100	100	100	100	800	0	0	0	0	0	6.7P	221.1T
100	0	0	100	100	100	100	100	100	100	800	0	0	0	0	0	7.5P	232.8T
100	0	0	100	100	100	100	100	100	100	800	0	0	0	0	0	8.4P	245T
100	0	0	100	100	100	100	100	100	100	800	0	0	0	0	0	9.3P	257.9T
100	0	0	100	100	100	100	100	100	100	800	0	0	0	0	0	9.7P	271.5T
100	0	0	0	100	100	100	100	100	100	100	800	0	0	0	0	8.7P	285.8T
100	0	0	0	100	100	100	100	100	100	100	800	0	0	0	0	9.7P	300.8T
100	0	0	0	100	100	100	100	100	100	100	800	0	0	0	0	10.8P	316.7T
100	0	0	0	100	100	100	100	100	100	100	800	0	0	0	0	12P	333.3T
100	0	0	0	100	100	100	100	100	100	100	800	0	0	0	0	12.6P	350.9T
100	0	0	0	0	100	100	100	100	100	100	100	800	0	0	0	11.3P	369.4T
100	0	0	0	0	100	100	100	100	100	100	100	800	0	0	0	12.6P	388.8T
100	0	0	0	0	100	100	100	100	100	100	100	800	0	0	0	14P	409.3T
100	0	0	0	0	100	100	100	100	100	100	100	800	0	0	0	15.5P	430.8T
100	0	0	0	0	100	100	100	100	100	100	100	800	0	0	0	16.3P	453.5T
100	0	0	0	0	0	100	100	100	100	100	100	100	800	0	0	14.6P	477.3T
100	0	0	0	0	0	100	100	100	100	100	100	100	800	0	0	16.2P	502.5T
100	0	0	0	0	0	100	100	100	100	100	100	100	800	0	0	18P	528.9T
100	0	0	0	0	0	100	100	100	100	100	100	100	800	0	0	20P	556.7T
100	0	0	0	0	0	100	100	100	100	100	100	100	800	0	0	21P	586T
100	0	0	0	0	0	0	100	100	100	100	100	100	100	800	0	18.8P	616.9T
100	0	0	0	0	0	0	100	100	100	100	100	100	100	800	0	21P	649.4T
100	0	0	0	0	0	0	100	100	100	100	100	100	100	800	0	23.3P	683.5T
100	0	0	0	0	0	0	100	100	100	100	100	100	100	800	0	25.8P	719.5T
100	0	0	0	0	0	0	100	100	100	100	100	100	100	800	0	27.2P	757.4T
100	0	0	0	0	0	0	0	100	100	100	100	100	100	100	800	24.3P	797.2T
100	0	0	0	0	0	0	0	100	100	100	100	100	100	100	800	27.1P	839.2T
100	0	0	0	0	0	0	0	100	100	100	100	100	100	100	800	30.1P	883.4T
100	0	0	0	0	0	0	0	100	100	100	100	100	100	100	800	33.4P	929.9T
100	0	0	0	0	0	0	0	100	100	100	100	100	100	100	800	35.1P	978.8T
100	800	0	0	0	0	0	0	0	100	100	100	100	100	100	100	31.4P	1P
100	800	0	0	0	0	0	0	0	100	100	100	100	100	100	100	35P	1.1P
100	800	0	0	0	0	0	0	0	100	100	100	100	100	100	100	38.9P	1.1P
100	800	0	0	0	0	0	0	0	100	100	100	100	100	100	100	43.1P	1.2P
100	800	0	0	0	0	0	0	0	100	100	100	100	100	100	100	45.4P	1.3P
100	100	800	0	0	0	0	0	0	0	100	100	100	100	100	100	40.6P	1.3P
100	100	800	0	0	0	0	0	0	0	100	100	100	100	100	100	45.3P	1.4P
100	100	800	0	0	0	0	0	0	0	100	100	100	100	100	100	50.3P	1.5P
100	100	800	0	0	0	0	0	0	0	100	100	100	100	100	100	55.7P	1.6P
100	100	800	0	0	0	0	0	0	0	100	100	100	100	100	100	58.7P	1.6P
100	100	100	800	0	0	0	0	0	0	0	100	100	100	100	100	52.5P	1.7P
100	100	100	800	0	0	0	0	0	0	0	100	100	100	100	100	58.5P	1.8P
100	100	100	800	0	0	0	0	0	0	0	100	100	100	100	100	65P	1.9P
100	100	100	800	0	0	0	0	0	0	0	100	100	100	100	100	72P	2P
100	100	100	800	0	0	0	0	0	0	0	100	100	100	100	100	75.8P	2.1P
100	100	100	100	800	0	0	0	0	0	0	0	100	100	100	100	67.8P	2.2P
100	100	100	100	800	0	0	0	0	0	0	0	100	100	100	100	75.6P	2.3P
100	100	100	100	800	0	0	0	0	0	0	0	100	100	100	100	84P	2.5P
100	100	100	100	800	0	0	0	0	0	0	0	100	100	100	100	93.1P	2.6P
100	100	100	100	800	0	0	0	0	0	0	0	100	100	100	100	98P	2.7P
100	100	100	100	100	800	0	0	0	0	0	0	0	100	100	100	87.7P	2.9P
100	100	100	100	100	800	0	0	0	0	0	0	0	100	100	100	97.7P	3P
100	100	100	100	100	800	0	0	0	0	0	0	0	100	100	100	108.6P	3.2P
100	100	100	100	100	800	0	0	0	0	0	0	0	100	100	100	120.3P	3.4P
100	100	100	100	100	800	0	0	0	0	0	0	0	100	100	100	126.6P	3.5P
100	100	100	100	100	100	800	0	0	0	0	0	0	0	100	100	113.3P	3.7P
100	100	100	100	100	100	800	0	0	0	0	0	0	0	100	100	126.3P	3.9P
100	100	100	100	100	100	800	0	0	0	0	0	0	0	100	100	140.3P	4.1P
100	100	100	100	100	100	800	0	0	0	0	0	0	0	100	100	155.5P	4.3P
100	100	100	100	100	100	800	0	0	0	0	0	0	0	100	100	163.7P	4.6P
100	100	100	100	100	100	100	800	0	0	0	0	0	0	0	100	146.4P	4.8P
100	100	100	100	100	100	100	800	0	0	0	0	0	0	0	100	163.2P	5.1P
100	100	100	100	100	100	100	800	0	0	0	0	0	0	0	100	181.3P	5.3P
100	100	100	100	100	100	100	800	0	0	0	0	0	0	0	100	200.9P	5.6P
100	100	100	100	100	100	100	800	0	0	0	0	0	0	0	100	211.5P	5.9P
100	100	100	100	100	100	100	100	800	0	0	0	0	0	0	0	189.2P	6.2P
100	100	100	100	100	100	100	100	800	0	0	0	0	0	0	0	210.9P	6.5P
100	100	100	100	100	100	100	100	800	0	0	0	0	0	0	0	234.4P	6.9P
100	100	100	100	100	100	100	100	800	0	0	0	0	0	0	0	259.7P	7.2P
100	100	100	100	100	100	100	100	800	0	0	0	0	0	0	0	273.3P	7.6P
100	100	100	100	100	100	100	100	100	900	0	0	0	0	0	0	244.6P	8P
100	100	100	100	100	100	100	100	100	900	0	0	0	0	0	0	272.6P	8.4P
100	100	100	100	100	100	100	100	100	900	0	0	0	0	0	0	302.9P	8.9P
100	100	100	100	100	100	100	100	100	900	0	0	0	0	0	0	335.6P	9.4P
100	100	100	100	100	100	100	100	100	900	0	0	0	0	0	0	353.3P	9.8P
100	0	100	100	100	100	100	100	100	100	900	0	0	0	0	0	316.1P	10.4P
100	0	100	100	100	100	100	100	100	100	900	0	0	0	0	0	352.3P	10.9P
100	0	100	100	100	100	100	100	100	100	900	0	0	0	0	0	391.4P	11.5P
100	0	100	100	100	100	100	100	100	100	900	0	0	0	0	0	433.7P	12.1P
100	0	100	100	100	100	100	100	100	100	900	0	0	0	0	0	456.5P	12.7P
100	0	0	100	100	100	100	100	100	100	100	900	0	0	0	0	408.5P	13.4P
100	0	0	100	100	100	100	100	100	100	100	900	0	0	0	0	455.3P	14.1P
100	0	0	100	100	100	100	100	100	100	100	900	0	0	0	0	505.9P	14.8P
100	0	0	100	100	100	100	100	100	100	100	900	0	0	0	0	560.5P	15.6P
100	0	0	100	100	100	100	100	100	100	100	900	0	0	0	0	590P	16.4P
100	0	0	0	100	100	100	100	100	100	100	100	900	0	0	0	527.9P	17.3P
100	0	0	0	100	100	100	100	100	100	100	100	900	0	0	0	588.4P	18.2P
100	0	0	0	100	100	100	100	100	100	100	100	900	0	0	0	653.7P	19.2P
100	0	0	0	100	100	100	100	100	100	100	100	900	0	0	0	724.4P	20.2P
100	0	0	0	100	100	100	100	100	100	100	100	900	0	0	0	762.5P	21.2P
100	0	0	0	0	100	100	100	100	100	100	100	100	900	0	0	682.2P	22.4P
100	0	0	0	0	100	100	100	100	100	100	100	100	900	0	0	760.4P	23.5P
100	0	0	0	0	100	100	100	100	100	100	100	100	900	0	0	844.9P	24.8P
100	0	0	0	0	100	100	100	100	100	100	100	100	900	0	0	936.1P	26.1P
100	0	0	0	0	100	100	100	100	100	100	100	100	900	0	0	985.4P	27.5P
100	0	0	0	0	0	100	100	100	100	100	100	100	100	900	0	881.7P	28.9P
100	0	0	0	0	0	100	100	100	100	100	100	100	100	900	0	982.7P	30.4P
100	0	0	0	0	0	100	100	100	100	100	100	100	100	900	0	1.1E	32P
100	0	0	0	0	0	100	100	100	100	100	100	100	100	900	0	1.2E	33.7P
100	0	0	0	0	0	100	100	100	100	100	100	100	100	900	0	1.3E	35.5P
100	0	0	0	0	0	0	100	100	100	100	100	100	100	100	900	1.1E	37.4P
100	0	0	0	0	0	0	100	100	100	100	100	100	100	100	900	1.3E	39.3P
100	0	0	0	0	0	0	100	100	100	100	100	100	100	100	900	1.4E	41.4P
100	0	0	0	0	0	0	100	100	100	100	100	100	100	100	900	1.6E	43.6P
100	0	0	0	0	0	0	100	100	100	100	100	100	100	100	900	1.6E	45.9P
100	900	0	0	0	0	0	0	100	100	100	100	100	100	100	100	1.5E	48.3P
100	900	0	0	0	0	0	0	100	100	100	100	100	100	100	100	1.6E	50.8P
100	900	0	0	0	0	0	0	100	100	100	100	100	100	100	100	1.8E	53.5P
100	900	0	0	0	0	0	0	100	100	100	100	100	100	100	100	2E	56.3P
100	900	0	0	0	0	0	0	100	100	100	100	100	100	100	100	2.1E	59.3P
100	100	900	0	0	0	0	0	0	100	100	100	100	100	100	100	1.9E	62.4P
100	100	900	0	0	0	0	0	0	100	100	100	100	100	100	100	2.1E	65.7P
100	100	900	0	0	0	0	0	0	100	100	100	100	100	100	100	2.4E	69.1P
100	100	900	0	0	0	0	0	0	100	100	100	100	100	100	100	2.6E	72.8P
100	100	900	0	0	0	0	0	0	100	100	100	100	100	100	100	2.7E	76.6P
100	100	100	900	0	0	0	0	0	0	100	100	100	100	100	100	2.5E	80.6P
100	100	100	900	0	0	0	0	0	0	100	100	100	100	100	100	2.7E	84.9P
100	100	100	900	0	0	0	0	0	0	100	100	100	100	100	100	3E	89.3P
100	100	100	900	0	0	0	0	0	0	100	100	100	100	100	100	3.4E	94P
100	100	100	900	0	0	0	0	0	0	100	100	100	100	100	100	3.6E	99P
100	100	100	100	900	0	0	0	0	0	0	100	100	100	100	100	3.2E	104.2P
100	100	100	100	900	0	0	0	0	0	0	100	100	100	100	100	3.5E	109.7P
100	100	100	100	900	0	0	0	0	0	0	100	100	100	100	100	3.9E	115.5P
100	100	100	100	900	0	0	0	0	0	0	100	100	100	100	100	4.4E	121.5P
100	100	100	100	900	0	0	0	0	0	0	100	100	100	100	100	4.6E	127.9P
100	100	100	100	100	900	0	0	0	0	0	0	100	100	100	100	4.1E	134.7P
100	100	100	100	100	900	0	0	0	0	0	0	100	100	100	100	4.6E	141.7P
100	100	100	100	100	900	0	0	0	0	0	0	100	100	100	100	5.1E	149.2P
100	100	100	100	100	900	0	0	0	0	0	0	100	100	100	100	5.6E	157.1P
100	100	100	100	100	900	0	0	0	0	0	0	100	100	100	100	5.9E	165.3P
100	100	100	100	100	100	900	0	0	0	0	0	0	100	100	100	5.3E	174P
100	100	100	100	100	100	900	0	0	0	0	0	0	100	100	100	5.9E	183.2P
100	100	100	100	100	100	900	0	0	0	0	0	0	100	100	100	6.6E	192.8P
100	100	100	100	100	100	900	0	0	0	0	0	0	100	100	100	7.3E	203P
100	100	100	100	100	100	900	0	0	0	0	0	0	100	100	100	7.7E	213.7P
100	100	100	100	100	100	100	900	0	0	0	0	0	0	100	100	6.9E	224.9P
100	100	100	100	100	100	100	900	0	0	0	0	0	0	100	100	7.6E	236.7P
100	100	100	100	100	100	100	900	0	0	0	0	0	0	100	100	8.5E	249.2P
100	100	100	100	100	100	100	900	0	0	0	0	0	0	100	100	9.4E	262.3P
100	100	100	100	100	100	100	900	0	0	0	0	0	0	100	100	9.9E	276.1P
100	100	100	100	100	100	100	100	900	0	0	0	0	0	0	100	8.9E	290.7P
100	100	100	100	100	100	100	100	900	0	0	0	0	0	0	100	9.9E	305.9P
100	100	100	100	100	100	100	100	900	0	0	0	0	0	0	100	11E	322.1P
100	100	100	100	100	100	100	100	900	0	0	0	0	0	0	100	12.2E	339P
100	100	100	100	100	100	100	100	900	0	0	0	0	0	0	100	12.8E	356.8P
100	100	100	100	100	100	100	100	100	900	0	0	0	0	0	0	11.5E	375.6P
100	100	100	100	100	100	100	100	100	900	0	0	0	0	0	0	12.8E	395.4P
100	100	100	100	100	100	100	100	100	900	0	0	0	0	0	0	14.2E	416.2P
100	100	100	100	100	100	100	100	100	900	0	0	0	0	0	0	15.7E	438.1P
100	100	100	100	100	100	100	100	100	900	0	0	0	0	0	0	16.6E	461.2P
100	100	100	100	100	100	100	100	100	100	1000	0	0	0	0	0	14.8E	485.4P
100	100	100	100	100	100	100	100	100	100	1000	0	0	0	0	0	16.5E	511P
100	100	100	100	100	100	100	100	100	100	1000	0	0	0	0	0	18.3E	537.9P
100	100	100	100	100	100	100	100	100	100	1000	0	0	0	0	0	20.3E	566.2P
100	100	100	100	100	100	100	100	100	100	1000	0	0	0	0	0	21.4E	596P
100	0	100	100	100	100	100	100	100	100	100	1000	0	0	0	0	19.1E	627.4P
100	0	100	100	100	100	100	100	100	100	100	1000	0	0	0	0	21.3E	660.4P
100	0	100	100	100	100	100	100	100	100	100	1000	0	0	0	0	23.7E	695.1P
100	0	100	100	100	100	100	100	100	100	100	1000	0	0	0	0	26.3E	731.7P
100	0	100	100	100	100	100	100	100	100	100	1000	0	0	0	0	27.6E	770.2P
100	0	0	100	100	100	100	100	100	100	100	100	1000	0	0	0	24.7E	810.8P
100	0	0	100	100	100	100	100	100	100	100	100	1000	0	0	0	27.6E	853.4P
100	0	0	100	100	100	100	100	100	100	100	100	1000	0	0	0	30.6E	898.4P
100	0	0	100	100	100	100	100	100	100	100	100	1000	0	0	0	33.9E	945.6P
100	0	0	100	100	100	100	100	100	100	100	100	1000	0	0	0	35.7E	995.4P
100	0	0	0	100	100	100	100	100	100	100	100	100	1000	0	0	32E	1E
100	0	0	0	100	100	100	100	100	100	100	100	100	1000	0	0	35.6E	1.1E
100	0	0	0	100	100	100	100	100	100	100	100	100	1000	0	0	39.6E	1.2E
100	0	0	0	100	100	100	100	100	100	100	100	100	1000	0	0	43.9E	1.2E
100	0	0	0	100	100	100	100	100	100	100	100	100	1000	0	0	46.2E	1.3E
100	0	0	0	0	100	100	100	100	100	100	100	100	100	1000	0	41.3E	1.4E
100	0	0	0	0	100	100	100	100	100	100	100	100	100	1000	0	46E	1.4E
100	0	0	0	0	100	100	100	100	100	100	100	100	100	1000	0	51.2E	1.5E
100	0	0	0	0	100	100	100	100	100	100	100	100	100	1000	0	56.7E	1.6E
100	0	0	0	0	100	100	100	100	100	100	100	100	100	1000	0	59.7E	1.7E
100	0	0	0	0	0	100	100	100	100	100	100	100	100	100	1000	53.4E	1.8E
100	0	0	0	0	0	100	100	100	100	100	100	100	100	100	1000	59.5E	1.8E
100	0	0	0	0	0	100	100	100	100	100	100	100	100	100	1000	66.1E	1.9E
100	0	0	0	0	0	100	100	100	100	100	100	100	100	100	1000	73.3E	2E
100	0	0	0	0	0	100	100	100	100	100	100	100	100	100	1000	77.1E	2.1E
100	1000	0	0	0	0	0	100	100	100	100	100	100	100	100	100	69E	2.3E
100	1000	0	0	0	0	0	100	100	100	100	100	100	100	100	100	76.9E	2.4E
100	1000	0	0	0	0	0	100	100	100	100	100	100	100	100	100	85.4E	2.5E
100	1000	0	0	0	0	0	100	100	100	100	100	100	100	100	100	94.7E	2.6E
100	1000	0	0	0	0	0	100	100	100	100	100	100	100	100	100	99.7E	2.8E
100	100	1000	0	0	0	0	0	100	100	100	100	100	100	100	100	89.2E	2.9E
100	100	1000	0	0	0	0	0	100	100	100	100	100	100	100	100	99.4E	3.1E
100	100	1000	0	0	0	0	0	100	100	100	100	100	100	100	100	110.4E	3.2E
100	100	1000	0	0	0	0	0	100	100	100	100	100	100	100	100	122.3E	3.4E
100	100	1000	0	0	0	0	0	100	100	100	100	100	100	100	100	128.8E	3.6E
100	100	100	1000	0	0	0	0	0	100	100	100	100	100	100	100	115.2E	3.8E
100	100	100	1000	0	0	0	0	0	100	100	100	100	100	100	100	128.4E	4E
100	100	100	1000	0	0	0	0	0	100	100	100	100	100	100	100	142.7E	4.2E
100	100	100	1000	0	0	0	0	0	100	100	100	100	100	100	100	158.1E	4.4E
100	100	100	1000	0	0	0	0	0	100	100	100	100	100	100	100	166.4E	4.6E
100	100	100	100	1000	0	0	0	0	0	100	100	100	100	100	100	148.9E	4.9E
100	100	100	100	1000	0	0	0	0	0	100	100	100	100	100	100	166E	5.1E
100	100	100	100	1000	0	0	0	0	0	100	100	100	100	100	100	184.4E	5.4E
100	100	100	100	1000	0	0	0	0	0	100	100	100	100	100	100	204.3E	5.7E
100	100	100	100	1000	0	0	0	0	0	100	100	100	100	100	100	215.1E	6E
100	100	100	100	100	1000	0	0	0	0	0	100	100	100	100	100	192.5E	6.3E
100	100	100	100	100	1000	0	0	0	0	0	100	100	100	100	100	214.5E	6.6E
100	100	100	100	100	1000	0	0	0	0	0	100	100	100	100	100	238.3E	7E
100	100	100	100	100	1000	0	0	0	0	0	100	100	100	100	100	264.1E	7.4E
100	100	100	100	100	1000	0	0	0	0	0	100	100	100	100	100	278E	7.7E
100	100	100	100	100	100	1000	0	0	0	0	0	100	100	100	100	248.7E	8.2E
100	100	100	100	100	100	1000	0	0	0	0	0	100	100	100	100	277.2E	8.6E
100	100	100	100	100	100	1000	0	0	0	0	0	100	100	100	100	308E	9E
100	100	100	100	100	100	1000	0	0	0	0	0	100	100	100	100	341.3E	9.5E
100	100	100	100	100	100	1000	0	0	0	0	0	100	100	100	100	359.3E	10E
100	100	100	100	100	100	100	1000	0	0	0	0	0	100	100	100	321.4E	10.5E
100	100	100	100	100	100	100	1000	0	0	0	0	0	100	100	100	358.3E	11.1E
100	100	100	100	100	100	100	1000	0	0	0	0	0	100	100	100	398.1E	11.7E
100	100	100	100	100	100	100	1000	0	0	0	0	0	100	100	100	441.1E	12.3E
100	100	100	100	100	100	100	1000	0	0	0	0	0	100	100	100	464.3E	12.9E
100	100	100	100	100	100	100	100	1000	0	0	0	0	0	100	100	415.4E	13.6E
100	100	100	100	100	100	100	100	1000	0	0	0	0	0	100	100	463E	14.3E
100	100	100	100	100	100	100	100	1000	0	0	0	0	0	100	100	514.4E	15.1E
100	100	100	100	100	100	100	100	1000	0	0	0	0	0	100	100	570E	15.9E
100	100	100	100	100	100	100	100	1000	0	0	0	0	0	100	100	600E	16.7E
100	100	100	100	100	100	100	100	100	1000	0	0	0	0	0	100	536.9E	17.6E
100	100	100	100	100	100	100	100	100	1000	0	0	0	0	0	100	598.4E	18.5E
100	100	100	100	100	100	100	100	100	1000	0	0	0	0	0	100	664.8E	19.5E
100	100	100	100	100	100	100	100	100	1000	0	0	0	0	0	100	736.7E	20.5E
100	100	100	100	100	100	100	100	100	1000	0	0	0	0	0	100	775.4E	21.6E
100	100	100	100	100	100	100	100	100	100	1000	0	0	0	0	0	693.8E	22.7E
100	100	100	100	100	100	100	100	100	100	1000	0	0	0	0	0	773.3E	23.9E
100	100	100	100	100	100	100	100	100	100	1000	0	0	0	0	0	859.2E	25.2E
100	100	100	100	100	100	100	100	100	100	1000	0	0	0	0	0	952E	26.5E
100	100	100	100	100	100	100	100	100	100	1000	0	0	0	0	0	1Z	27.9E
100	100	100	100	100	100	100	100	100	100	100	1100	0	0	0	0	896.7E	29.4E
100	100	100	100	100	100	100	100	100	100	100	1100	0	0	0	0	999.4E	30.9E
100	100	100	100	100	100	100	100	100	100	100	1100	0	0	0	0	1.1Z	32.6E
100	100	100	100	100	100	100	100	100	100	100	1100	0	0	0	0	1.2Z	34.3E
100	100	100	100	100	100	100	100	100	100	100	1100	0	0	0	0	1.3Z	36.1E
100	0	100	100	100	100	100	100	100	100	100	100	1100	0	0	0	1.2Z	38E
100	0	100	100	100	100	100	100	100	100	100	100	1100	0	0	0	1.3Z	40E
100	0	100	100	100	100	100	100	100	100	100	100	1100	0	0	0	1.4Z	42.1E
100	0	100	100	100	100	100	100	100	100	100	100	1100	0	0	0	1.6Z	44.3E
100	0	100	100	100	100	100	100	100	100	100	100	1100	0	0	0	1.7Z	46.6E
100	0	0	100	100	100	100	100	100	100	100	100	100	1100	0	0	1.5Z	49.1E
100	0	0	100	100	100	100	100	100	100	100	100	100	1100	0	0	1.7Z	51.7E
100	0	0	100	100	100	100	100	100	100	100	100	100	1100	0	0	1.9Z	54.4E
100	0	0	100	100	100	100	100	100	100	100	100	100	1100	0	0	2.1Z	57.3E
100	0	0	100	100	100	100	100	100	100	100	100	100	1100	0	0	2.2Z	60.3E
100	0	0	0	100	100	100	100	100	100	100	100	100	100	1100	0	1.9Z	63.4E
100	0	0	0	100	100	100	100	100	100	100	100	100	100	1100	0	2.2Z	66.8E
100	0	0	0	100	100	100	100	100	100	100	100	100	100	1100	0	2.4Z	70.3E
100	0	0	0	100	100	100	100	100	100	100	100	100	100	1100	0	2.7Z	74E
100	0	0	0	100	100	100	100	100	100	100	100	100	100	1100	0	2.8Z	77.9E
100	0	0	0	0	100	100	100	100	100	100	100	100	100	100	1100	2.5Z	82E
100	0	0	0	0	100	100	100	100	100	100	100	100	100	100	1100	2.8Z	86.3E
100	0	0	0	0	100	100	100	100	100	100	100	100	100	100	1100	3.1Z	90.9E
100	0	0	0	0	100	100	100	100	100	100	100	100	100	100	1100	3.4Z	95.6E
100	0	0	0	0	100	100	100	100	100	100	100	100	100	100	1100	3.6Z	100.7E
100	1100	0	0	0	0	100	100	100	100	100	100	100	100	100	100	3.2Z	106E
100	1100	0	0	0	0	100	100	100	100	100	100	100	100	100	100	3.6Z	111.5E
100	1100	0	0	0	0	100	100	100	100	100	100	100	100	100	100	4Z	117.4E
100	1100	0	0	0	0	100	100	100	100	100	100	100	100	100	100	4.4Z	123.6E
100	1100	0	0	0	0	100	100	100	100	100	100	100	100	100	100	4.7Z	130.1E
100	100	1100	0	0	0	0	100	100	100	100	100	100	100	100	100	4.2Z	136.9E
100	100	1100	0	0	0	0	100	100	100	100	100	100	100	100	100	4.7Z	144.2E
100	100	1100	0	0	0	0	100	100	100	100	100	100	100	100	100	5.2Z	151.7E
100	100	1100	0	0	0	0	100	100	100	100	100	100	100	100	100	5.7Z	159.7E
100	100	1100	0	0	0	0	100	100	100	100	100	100	100	100	100	6Z	168.1E
100	100	100	1100	0	0	0	0	100	100	100	100	100	100	100	100	5.4Z	177E
100	100	100	1100	0	0	0	0	100	100	100	100	100	100	100	100	6Z	186.3E
100	100	100	1100	0	0	0	0	100	100	100	100	100	100	100	100	6.7Z	196.1E
100	100	100	1100	0	0	0	0	100	100	100	100	100	100	100	100	7.4Z	206.4E
100	100	100	1100	0	0	0	0	100	100	100	100	100	100	100	100	7.8Z	217.3E
100	100	100	100	1100	0	0	0	0	100	100	100	100	100	100	100	7Z	228.7E
100	100	100	100	1100	0	0	0	0	100	100	100	100	100	100	100	7.8Z	240.8E
100	100	100	100	1100	0	0	0	0	100	100	100	100	100	100	100	8.6Z	253.4E
100	100	100	100	1100	0	0	0	0	100	100	100	100	100	100	100	9.6Z	266.8E
100	100	100	100	1100	0	0	0	0	100	100	100	100	100	100	100	10.1Z	280.8E
100	100	100	100	100	1100	0	0	0	0	100	100	100	100	100	100	9Z	295.6E
100	100	100	100	100	1100	0	0	0	0	100	100	100	100	100	100	10Z	311.1E
100	100	100	100	100	1100	0	0	0	0	100	100	100	100	100	100	11.2Z	327.5E
100	100	100	100	100	1100	0	0	0	0	100	100	100	100	100	100	12.4Z	344.8E
100	100	100	100	100	1100	0	0	0	0	100	100	100	100	100	100	13Z	362.9E
100	100	100	100	100	100	1100	0	0	0	0	100	100	100	100	100	11.7Z	382E
100	100	100	100	100	100	1100	0	0	0	0	100	100	100	100	100	13Z	402.1E
100	100	100	100	100	100	1100	0	0	0	0	100	100	100	100	100	14.4Z	423.3E
100	100	100	100	100	100	1100	0	0	0	0	100	100	100	100	100	16Z	445.6E
100	100	100	100	100	100	1100	0	0	0	0	100	100	100	100	100	16.8Z	469E
100	100	100	100	100	100	100	1100	0	0	0	0	100	100	100	100	15.1Z	493.7E
100	100	100	100	100	100	100	1100	0	0	0	0	100	100	100	100	16.8Z	519.7E
100	100	100	100	100	100	100	1100	0	0	0	0	100	100	100	100	18.7Z	547E
100	100	100	100	100	100	100	1100	0	0	0	0	100	100	100	100	20.7Z	575.8E
100	100	100	100	100	100	100	1100	0	0	0	0	100	100	100	100	21.8Z	606.1E
100	100	100	100	100	100	100	100	1100	0	0	0	0	100	100	100	19.5Z	638E
100	100	100	100	100	100	100	100	1100	0	0	0	0	100	100	100	21.7Z	671.6E
100	100	100	100	100	100	100	100	1100	0	0	0	0	100	100	100	24.1Z	706.9E
100	100	100	100	100	100	100	100	1100	0	0	0	0	100	100	100	26.7Z	744.2E
100	100	100	100	100	100	100	100	1100	0	0	0	0	100	100	100	28.1Z	783.3E
100	100	100	100	100	100	100	100	100	1100	0	0	0	0	100	100	25.2Z	824.5E
100	100	100	100	100	100	100	100	100	1100	0	0	0	0	100	100	28Z	867.9E
100	100	100	100	100	100	100	100	100	1100	0	0	0	0	100	100	31.1Z	913.6E
100	100	100	100	100	100	100	100	100	1100	0	0	0	0	100	100	34.5Z	961.7E
100	100	100	100	100	100	100	100	100	1100	0	0	0	0	100	100	36.3Z	1Z
100	100	100	100	100	100	100	100	100	100	1100	0	0	0	0	100	32.5Z	1.1Z
100	100	100	100	100	100	100	100	100	100	1100	0	0	0	0	100	36.2Z	1.1Z
100	100	100	100	100	100	100	100	100	100	1100	0	0	0	0	100	40.3Z	1.2Z
100	100	100	100	100	100	100	100	100	100	1100	0	0	0	0	100	44.6Z	1.2Z
100	100	100	100	100	100	100	100	100	100	1100	0	0	0	0	100	47Z	1.3Z
100	100	100	100	100	100	100	100	100	100	100	1100	0	0	0	0	42Z	1.4Z
100	100	100	100	100	100	100	100	100	100	100	1100	0	0	0	0	46.8Z	1.4Z
100	100	100	100	100	100	100	100	100	100	100	1100	0	0	0	0	52Z	1.5Z
100	100	100	100	100	100	100	100	100	100	100	1100	0	0	0	0	57.6Z	1.6Z
100	100	100	100	100	100	100	100	100	100	100	1100	0	0	0	0	60.7Z	1.7Z
100	100	100	100	100	100	100	100	100	100	100	100	1200	0	0	0	54.3Z	1.8Z
100	100	100	100	100	100	100	100	100	100	100	100	1200	0	0	0	60.5Z	1.9Z
100	100	100	100	100	100	100	100	100	100	100	100	1200	0	0	0	67.2Z	2Z
100	100	100	100	100	100	100	100	100	100	100	100	1200	0	0	0	74.5Z	2.1Z
100	100	100	100	100	100	100	100	100	100	100	100	1200	0	0	0	78.4Z	2.2Z
100	0	100	100	100	100	100	100	100	100	100	100	100	1200	0	0	70.2Z	2.3Z
100	0	100	100	100	100	100	100	100	100	100	100	100	1200	0	0	78.2Z	2.4Z
100	0	100	100	100	100	100	100	100	100	100	100	100	1200	0	0	86.9Z	2.5Z
100	0	100	100	100	100	100	100	100	100	100	100	100	1200	0	0	96.3Z	2.7Z
100	0	100	100	100	100	100	100	100	100	100	100	100	1200	0	0	101.3Z	2.8Z
100	0	0	100	100	100	100	100	100	100	100	100	100	100	1200	0	90.7Z	3Z
100	0	0	100	100	100	100	100	100	100	100	100	100	100	1200	0	101.1Z	3.1Z
100	0	0	100	100	100	100	100	100	100	100	100	100	100	1200	0	112.3Z	3.3Z
100	0	0	100	100	100	100	100	100	100	100	100	100	100	1200	0	124.4Z	3.5Z
100	0	0	100	100	100	100	100	100	100	100	100	100	100	1200	0	131Z	3.6Z
100	0	0	0	100	100	100	100	100	100	100	100	100	100	100	1200	117.2Z	3.8Z
100	0	0	0	100	100	100	100	100	100	100	100	100	100	100	1200	130.6Z	4Z
100	0	0	0	100	100	100	100	100	100	100	100	100	100	100	1200	145.1Z	4.3Z
100	0	0	0	100	100	100	100	100	100	100	100	100	100	100	1200	160.8Z	4.5Z
100	0	0	0	100	100	100	100	100	100	100	100	100	100	100	1200	169.3Z	4.7Z
100	1200	0	0	0	100	100	100	100	100	100	100	100	100	100	100	151.4Z	5Z
100	1200	0	0	0	100	100	100	100	100	100	100	100	100	100	100	168.8Z	5.2Z
100	1200	0	0	0	100	100	100	100	100	100	100	100	100	100	100	187.6Z	5.5Z
100	1200	0	0	0	100	100	100	100	100	100	100	100	100	100	100	207.8Z	5.8Z
100	1200	0	0	0	100	100	100	100	100	100	100	100	100	100	100	218.8Z	6.1Z
100	100	1200	0	0	0	100	100	100	100	100	100	100	100	100	100	195.7Z	6.4Z
100	100	1200	0	0	0	100	100	100	100	100	100	100	100	100	100	218.1Z	6.8Z
100	100	1200	0	0	0	100	100	100	100	100	100	100	100	100	100	242.4Z	7.1Z
100	100	1200	0	0	0	100	100	100	100	100	100	100	100	100	100	268.6Z	7.5Z
100	100	1200	0	0	0	100	100	100	100	100	100	100	100	100	100	282.7Z	7.9Z
100	100	100	1200	0	0	0	100	100	100	100	100	100	100	100	100	252.9Z	8.3Z
100	100	100	1200	0	0	0	100	100	100	100	100	100	100	100	100	281.9Z	8.7Z
100	100	100	1200	0	0	0	100	100	100	100	100	100	100	100	100	313.2Z	9.2Z
100	100	100	1200	0	0	0	100	100	100	100	100	100	100	100	100	347.1Z	9.7Z
100	100	100	1200	0	0	0	100	100	100	100	100	100	100	100	100	365.4Z	10.2Z
100	100	100	100	1200	0	0	0	100	100	100	100	100	100	100	100	326.9Z	10.7Z
100	100	100	100	1200	0	0	0	100	100	100	100	100	100	100	100	364.3Z	11.3Z
100	100	100	100	1200	0	0	0	100	100	100	100	100	100	100	100	404.8Z	11.9Z
100	100	100	100	1200	0	0	0	100	100	100	100	100	100	100	100	448.6Z	12.5Z
100	100	100	100	1200	0	0	0	100	100	100	100	100	100	100	100	472.2Z	13.2Z
100	100	100	100	100	1200	0	0	0	100	100	100	100	100	100	100	422.5Z	13.8Z
100	100	100	100	100	1200	0	0	0	100	100	100	100	100	100	100	470.9Z	14.6Z
100	100	100	100	100	1200	0	0	0	100	100	100	100	100	100	100	523.2Z	15.3Z
100	100	100	100	100	1200	0	0	0	100	100	100	100	100	100	100	579.7Z	16.2Z
100	100	100	100	100	1200	0	0	0	100	100	100	100	100	100	100	610.2Z	17Z
100	100	100	100	100	100	1200	0	0	0	100	100	100	100	100	100	546Z	17.9Z
100	100	100	100	100	100	1200	0	0	0	100	100	100	100	100	100	608.5Z	18.8Z
100	100	100	100	100	100	1200	0	0	0	100	100	100	100	100	100	676.1Z	19.8Z
100	100	100	100	100	100	1200	0	0	0	100	100	100	100	100	100	749.2Z	20.9Z
100	100	100	100	100	100	1200	0	0	0	100	100	100	100	100	100	788.6Z	22Z
100	100	100	100	100	100	100	1200	0	0	0	100	100	100	100	100	705.6Z	23.1Z
100	100	100	100	100	100	100	1200	0	0	0	100	100	100	100	100	786.4Z	24.3Z
100	100	100	100	100	100	100	1200	0	0	0	100	100	100	100	100	873.8Z	25.6Z
100	100	100	100	100	100	100	1200	0	0	0	100	100	100	100	100	968.2Z	27Z
100	100	100	100	100	100	100	1200	0	0	0	100	100	100	100	100	1Y	28.4Z
100	100	100	100	100	100	100	100	1200	0	0	0	100	100	100	100	911.9Z	29.9Z
100	100	100	100	100	100	100	100	1200	0	0	0	100	100	100	100	1Y	31.5Z
100	100	100	100	100	100	100	100	1200	0	0	0	100	100	100	100	1.1Y	33.1Z
100	100	100	100	100	100	100	100	1200	0	0	0	100	100	100	100	1.3Y	34.9Z
100	100	100	100	100	100	100	100	1200	0	0	0	100	100	100	100	1.3Y	36.7Z
100	100	100	100	100	100	100	100	100	1200	0	0	0	100	100	100	1.2Y	38.6Z
100	100	100	100	100	100	100	100	100	1200	0	0	0	100	100	100	1.3Y	40.7Z
100	100	100	100	100	100	100	100	100	1200	0	0	0	100	100	100	1.5Y	42.8Z
100	100	100	100	100	100	100	100	100	1200	0	0	0	100	100	100	1.6Y	45.1Z
100	100	100	100	100	100	100	100	100	1200	0	0	0	100	100	100	1.7Y	47.4Z
100	100	100	100	100	100	100	100	100	100	1200	0	0	0	100	100	1.5Y	49.9Z
100	100	100	100	100	100	100	100	100	100	1200	0	0	0	100	100	1.7Y	52.6Z
100	100	100	100	100	100	100	100	100	100	1200	0	0	0	100	100	1.9Y	55.3Z
100	100	100	100	100	100	100	100	100	100	1200	0	0	0	100	100	2.1Y	58.2Z
100	100	100	100	100	100	100	100	100	100	1200	0	0	0	100	100	2.2Y	61.3Z
100	100	100	100	100	100	100	100	100	100	100	1200	0	0	0	100	2Y	64.5Z
100	100	100	100	100	100	100	100	100	100	100	1200	0	0	0	100	2.2Y	67.9Z
100	100	100	100	100	100	100	100	100	100	100	1200	0	0	0	100	2.4Y	71.5Z
100	100	100	100	100	100	100	100	100	100	100	1200	0	0	0	100	2.7Y	75.3Z
100	100	100	100	100	100	100	100	100	100	100	1200	0	0	0	100	2.8Y	79.2Z
100	100	100	100	100	100	100	100	100	100	100	100	1200	0	0	0	2.5Y	83.4Z
100	100	100	100	100	100	100	100	100	100	100	100	1200	0	0	0	2.8Y	87.8Z
100	100	100	100	100	100	100	100	100	100	100	100	1200	0	0	0	3.2Y	92.4Z
100	100	100	100	100	100	100	100	100	100	100	100	1200	0	0	0	3.5Y	97.3Z
100	100	100	100	100	100	100	100	100	100	100	100	1200	0	0	0	3.7Y	102.4Z
100	100	100	100	100	100	100	100	100	100	100	100	100	1300	0	0	3.3Y	107.8Z
100	100	100	100	100	100	100	100	100	100	100	100	100	1300	0	0	3.7Y	113.4Z
100	100	100	100	100	100	100	100	100	100	100	100	100	1300	0	0	4.1Y	119.4Z
100	100	100	100	100	100	100	100	100	100	100	100	100	1300	0	0	4.5Y	125.7Z
100	100	100	100	100	100	100	100	100	100	100	100	100	1300	0	0	4.7Y	132.3Z
100	0	100	100	100	100	100	100	100	100	100	100	100	100	1300	0	4.2Y	139.3Z
100	0	100	100	100	100	100	100	100	100	100	100	100	100	1300	0	4.7Y	146.6Z
100	0	100	100	100	100	100	100	100	100	100	100	100	100	1300	0	5.3Y	154.3Z
100	0	100	100	100	100	100	100	100	100	100	100	100	100	1300	0	5.8Y	162.4Z
100	0	100	100	100	100	100	100	100	100	100	100	100	100	1300	0	6.1Y	171Z
100	0	0	100	100	100	100	100	100	100	100	100	100	100	100	1300	5.5Y	180Z
100	0	0	100	100	100	100	100	100	100	100	100	100	100	100	1300	6.1Y	189.5Z
100	0	0	100	100	100	100	100	100	100	100	100	100	100	100	1300	6.8Y	199.4Z
100	0	0	100	100	100	100	100	100	100	100	100	100	100	100	1300	7.5Y	209.9Z
100	0	0	100	100	100	100	100	100	100	100	100	100	100	100	1300	7.9Y	221Z
100	1300	0	0	100	100	100	100	100	100	100	100	100	100	100	100	7.1Y	232.6Z
100	1300	0	0	100	100	100	100	100	100	100	100	100	100	100	100	7.9Y	244.8Z
100	1300	0	0	100	100	100	100	100	100	100	100	100	100	100	100	8.8Y	257.7Z
100	1300	0	0	100	100	100	100	100	100	100	100	100	100	100	100	9.7Y	271.3Z
100	1300	0	0	100	100	100	100	100	100	100	100	100	100	100	100	10.2Y	285.6Z
100	100	1300	0	0	100	100	100	100	100	100	100	100	100	100	100	9.2Y	300.6Z
100	100	1300	0	0	100	100	100	100	100	100	100	100	100	100	100	10.2Y	316.4Z
100	100	1300	0	0	100	100	100	100	100	100	100	100	100	100	100	11.4Y	333.1Z
100	100	1300	0	0	100	100	100	100	100	100	100	100	100	100	100	12.6Y	350.6Z
100	100	1300	0	0	100	100	100	100	100	100	100	100	100	100	100	13.2Y	369.1Z
100	100	100	1300	0	0	100	100	100	100	100	100	100	100	100	100	11.9Y	388.5Z
100	100	100	1300	0	0	100	100	100	100	100	100	100	100	100	100	13.2Y	408.9Z
100	100	100	1300	0	0	100	100	100	100	100	100	100	100	100	100	14.7Y	430.5Z
100	100	100	1300	0	0	100	100	100	100	100	100	100	100	100	100	16.3Y	453.1Z
100	100	100	1300	0	0	100	100	100	100	100	100	100	100	100	100	17.1Y	477Z
100	100	100	100	1300	0	0	100	100	100	100	100	100	100	100	100	15.3Y	502.1Z
100	100	100	100	1300	0	0	100	100	100	100	100	100	100	100	100	17.1Y	528.5Z
100	100	100	100	1300	0	0	100	100	100	100	100	100	100	100	100	19Y	556.3Z
100	100	100	100	1300	0	0	100	100	100	100	100	100	100	100	100	21Y	585.6Z
100	100	100	100	1300	0	0	100	100	100	100	100	100	100	100	100	22.1Y	616.4Z
100	100	100	100	100	1300	0	0	100	100	100	100	100	100	100	100	19.8Y	648.9Z
100	100	100	100	100	1300	0	0	100	100	100	100	100	100	100	100	22.1Y	683Z
100	100	100	100	100	1300	0	0	100	100	100	100	100	100	100	100	24.5Y	718.9Z
100	100	100	100	100	1300	0	0	100	100	100	100	100	100	100	100	27.2Y	756.8Z
100	100	100	100	100	1300	0	0	100	100	100	100	100	100	100	100	28.6Y	796.6Z
100	100	100	100	100	100	1300	0	0	100	100	100	100	100	100	100	25.6Y	838.5Z
100	100	100	100	100	100	1300	0	0	100	100	100	100	100	100	100	28.5Y	882.7Z
100	100	100	100	100	100	1300	0	0	100	100	100	100	100	100	100	31.7Y	929.1Z
100	100	100	100	100	100	1300	0	0	100	100	100	100	100	100	100	35.1Y	978Z
100	100	100	100	100	100	1300	0	0	100	100	100	100	100	100	100	36.9Y	1Y
100	100	100	100	100	100	100	1300	0	0	100	100	100	100	100	100	33.1Y	1.1Y
100	100	100	100	100	100	100	1300	0	0	100	100	100	100	100	100	36.8Y	1.1Y
100	100	100	100	100	100	100	1300	0	0	100	100	100	100	100	100	40.9Y	1.2Y
100	100	100	100	100	100	100	1300	0	0	100	100	100	100	100	100	45.4Y	1.3Y
100	100	100	100	100	100	100	1300	0	0	100	100	100	100	100	100	47.8Y	1.3Y
100	100	100	100	100	100	100	100	1300	0	0	100	100	100	100	100	42.7Y	1.4Y
100	100	100	100	100	100	100	100	1300	0	0	100	100	100	100	100	47.6Y	1.5Y
100	100	100	100	100	100	100	100	1300	0	0	100	100	100	100	100	52.9Y	1.6Y
100	100	100	100	100	100	100	100	1300	0	0	100	100	100	100	100	58.6Y	1.6Y
100	100	100	100	100	100	100	100	1300	0	0	100	100	100	100	100	61.7Y	1.7Y
100	100	100	100	100	100	100	100	100	1300	0	0	100	100	100	100	55.2Y	1.8Y
100	100	100	100	100	100	100	100	100	1300	0	0	100	100	100	100	61.5Y	1.9Y
100	100	100	100	100	100	100	100	100	1300	0	0	100	100	100	100	68.4Y	2Y
100	100	100	100	100	100	100	100	100	1300	0	0	100	100	100	100	75.8Y	2.1Y
100	100	100	100	100	100	100	100	100	1300	0	0	100	100	100	100	79.8Y	2.2Y
100	100	100	100	100	100	100	100	100	100	1300	0	0	100	100	100	71.4Y	2.3Y
100	100	100	100	100	100	100	100	100	100	1300	0	0	100	100	100	79.5Y	2.5Y
100	100	100	100	100	100	100	100	100	100	1300	0	0	100	100	100	88.4Y	2.6Y
100	100	100	100	100	100	100	100	100	100	1300	0	0	100	100	100	97.9Y	2.7Y
100	100	100	100	100	100	100	100	100	100	1300	0	0	100	100	100	103.1Y	2.9Y
100	100	100	100	100	100	100	100	100	100	100	1300	0	0	100	100	92.2Y	3Y
100	100	100	100	100	100	100	100	100	100	100	1300	0	0	100	100	102.8Y	3.2Y
100	100	100	100	100	100	100	100	100	100	100	1300	0	0	100	100	114.2Y	3.3Y
100	100	100	100	100	100	100	100	100	100	100	1300	0	0	100	100	126.5Y	3.5Y
100	100	100	100	100	100	100	100	100	100	100	1300	0	0	100	100	133.2Y	3.7Y
100	100	100	100	100	100	100	100	100	100	100	100	1300	0	0	100	119.2Y	3.9Y
100	100	100	100	100	100	100	100	100	100	100	100	1300	0	0	100	132.8Y	4.1Y
100	100	100	100	100	100	100	100	100	100	100	100	1300	0	0	100	147.6Y	4.3Y
100	100	100	100	100	100	100	100	100	100	100	100	1300	0	0	100	163.5Y	4.6Y
100	100	100	100	100	100	100	100	100	100	100	100	1300	0	0	100	172.1Y	4.8Y
100	100	100	100	100	100	100	100	100	100	100	100	100	1300	0	0	154Y	5Y
100	100	100	100	100	100	100	100	100	100	100	100	100	1300	0	0	171.7Y	5.3Y
100	100	100	100	100	100	100	100	100	100	100	100	100	1300	0	0	190.7Y	5.6Y
100	100	100	100	100	100	100	100	100	100	100	100	100	1300	0	0	211.3Y	5.9Y
100	100	100	100	100	100	100	100	100	100	100	100	100	1300	0	0	222.5Y	6.2Y
100	100	100	100	100	100	100	100	100	100	100	100	100	100	1400	0	199Y	6.5Y
100	100	100	100	100	100	100	100	100	100	100	100	100	100	1400	0	221.9Y	6.9Y
100	100	100	100	100	100	100	100	100	100	100	100	100	100	1400	0	246.5Y	7.2Y
100	100	100	100	100	100	100	100	100	100	100	100	100	100	1400	0	273.1Y	7.6Y
100	100	100	100	100	100	100	100	100	100	100	100	100	100	1400	0	287.5Y	8Y
100	0	100	100	100	100	100	100	100	100	100	100	100	100	100	1400	257.2Y	8.4Y
100	0	100	100	100	100	100	100	100	100	100	100	100	100	100	1400	286.7Y	8.9Y
100	0	100	100	100	100	100	100	100	100	100	100	100	100	100	1400	318.6Y	9.3Y
100	0	100	100	100	100	100	100	100	100	100	100	100	100	100	1400	353Y	9.8Y
100	0	100	100	100	100	100	100	100	100	100	100	100	100	100	1400	371.6Y	10.4Y
100	1400	0	100	100	100	100	100	100	100	100	100	100	100	100	100	332.4Y	10.9Y
100	1400	0	100	100	100	100	100	100	100	100	100	100	100	100	100	370.5Y	11.5Y
100	1400	0	100	100	100	100	100	100	100	100	100	100	100	100	100	411.7Y	12.1Y
100	1400	0	100	100	100	100	100	100	100	100	100	100	100	100	100	456.2Y	12.7Y
100	1400	0	100	100	100	100	100	100	100	100	100	100	100	100	100	480.2Y	13.4Y
100	100	1400	0	100	100	100	100	100	100	100	100	100	100	100	100	429.6Y	14.1Y
100	100	1400	0	100	100	100	100	100	100	100	100	100	100	100	100	478.9Y	14.8Y
100	100	1400	0	100	100	100	100	100	100	100	100	100	100	100	100	532.1Y	15.6Y
100	100	1400	0	100	100	100	100	100	100	100	100	100	100	100	100	589.5Y	16.4Y
100	100	1400	0	100	100	100	100	100	100	100	100	100	100	100	100	620.6Y	17.3Y
100	100	100	1400	0	100	100	100	100	100	100	100	100	100	100	100	555.3Y	18.2Y
100	100	100	1400	0	100	100	100	100	100	100	100	100	100	100	100	618.9Y	19.2Y
100	100	100	1400	0	100	100	100	100	100	100	100	100	100	100	100	687.6Y	20.2Y
100	100	100	1400	0	100	100	100	100	100	100	100	100	100	100	100	761.9Y	21.2Y
100	100	100	1400	0	100	100	100	100	100	100	100	100	100	100	100	802Y	22.3Y
100	100	100	100	1400	0	100	100	100	100	100	100	100	100	100	100	717.6Y	23.5Y
100	100	100	100	1400	0	100	100	100	100	100	100	100	100	100	100	799.8Y	24.8Y
100	100	100	100	1400	0	100	100	100	100	100	100	100	100	100	100	888.6Y	26.1Y
100	100	100	100	1400	0	100	100	100	100	100	100	100	100	100	100	984.6Y	27.4Y
100	100	100	100	1400	0	100	100	100	100	100	100	100	100	100	100	1S	28.9Y
100	100	100	100	100	1400	0	100	100	100	100	100	100	100	100	100	927.4Y	30.4Y
100	100	100	100	100	1400	0	100	100	100	100	100	100	100	100	100	1S	32Y
100	100	100	100	100	1400	0	100	100	100	100	100	100	100	100	100	1.1S	33.7Y
100	100	100	100	100	1400	0	100	100	100	100	100	100	100	100	100	1.3S	35.5Y
