001_0001,21,25,28,21,25,28
001_0002,47,55,72,52,56,78
001_0003,32,35,40,34,38,47
001_0004,32,36,38,35,37,45
001_0005,34,43,59,36,49,61
001_0006,33,39,49,35,42,53
001_0007,37,47,50,45,49,60
001_0008,24,36,45,24,36,45
001_0009,48,54,59,51,55,62
001_0010,37,43,56,39,43,56
001_0011,26,33,42,29,35,47
001_0012,97,108,116,102,110,120
001_0013,16,19,21,17,19,21
001_0014,42,52,66,42,49,59
001_0015,72,76,83,73,77,85
002_0001,17,20,21,19,21,22
002_0002,13,14,17,14,17,20
002_0003,24,28,32,24,28,29
002_0004,24,28,32,26,29,34
002_0005,80,113,127,107,123,138
002_0006,15,17,19,15,17,18
002_0007,37,45,53,39,45,53
002_0008,32,37,41,36,40,45
002_0009,14,17,20,14,17,20
002_0010,70,84,103,77,89,116
002_0011,44,50,54,50,54,64
002_0012,40,43,56,43,51,68
002_0013,31,36,45,34,40,48
002_0014,34,36,44,36,41,48
002_0015,123,150,181,129,150,181
002_0016,8,11,14,10,13,18
002_0017,30,39,47,37,43,56
002_0018,70,80,84,76,82,85
002_0019,78,81,104,80,90,130
002_0020,16,23,31,17,26,33
0032,24,28,32,27,30,36
003_0001,27,31,49,29,38,53
003_0002,54,62,72,55,62,72
003_0003,18,22,27,21,24,36
003_0004,47,62,73,47,58,70
003_0005,26,29,39,28,31,54
003_0006,50,70,79,62,73,82
003_0007,21,29,35,21,29,35
003_0008,18,26,35,20,26,35
003_0009,57,58,78,58,64,85
003_0010,98,129,170,104,129,170
003_0011,15,18,24,18,21,31
003_0012,39,44,48,43,45,59
003_0013,25,32,51,27,32,51
003_0014,35,41,49,39,46,56
003_0015,12,14,16,14,16,19
003_0016,107,116,117,110,117,126
003_0017,44,59,70,52,63,78
003_0018,221,265,326,230,265,326
003_0019,34,37,40,34,36,39
003_0020,74,91,108,82,100,117
003_0021,52,72,92,61,77,103
003_0022,66,75,83,66,75,83
003_0023,44,53,62,45,53,62
003_0024,35,44,52,42,49,63
003_0025,28,32,35,30,33,37
004_0001,49,54,71,51,65,88
004_0002,65,93,112,86,106,121
004_0003,110,128,136,121,131,136
004_0004,8,10,12,10,11,13
004_0005,58,66,79,61,66,79
004_0006,104,120,143,120,143,156
004_0007,28,36,42,32,38,44
004_0008,64,94,100,66,94,100
004_0009,28,31,37,29,36,37
004_0010,177,192,203,181,192,203
004_0011,24,29,34,28,32,39
004_0012,72,81,86,76,83,92
004_0013,25,27,28,27,28,31
004_0014,104,118,123,108,118,123
004_0015,7,8,10,8,9,12
004_0016,49,65,69,59,66,74
004_0017,62,72,81,67,74,100
004_0018,68,93,122,68,93,122
004_0019,56,68,79,61,70,88
004_0020,12,14,16,12,14,16
004_0021,32,42,50,42,50,73
004_0022,57,67,72,60,67,72
004_0023,77,86,88,80,86,88
004_0024,31,34,40,32,36,42
004_0025,6,74,114,6,67,87
0052,43,63,70,59,68,73
005_0001,8,10,12,9,10,12
005_0002,77,94,113,85,101,124
005_0003,45,58,66,55,63,77
005_0004,60,80,103,80,103,119
005_0005,56,88,94,64,88,94
005_0006,30,34,39,31,34,39
005_0007,46,59,73,55,68,94
005_0008,27,31,35,29,33,37
005_0009,122,131,139,124,131,139
005_0010,40,48,54,42,48,54
005_0011,11,13,15,12,13,15
005_0012,49,72,93,53,82,104
005_0013,26,38,54,36,40,80
005_0014,28,31,35,30,34,38
005_0015,30,42,51,40,44,72
005_0016,95,113,135,95,108,126
005_0017,7,9,10,8,9,11
005_0018,21,27,36,23,29,42
005_0019,159,162,163,161,162,230
005_0020,61,67,71,66,69,105
005_0021,10,11,12,10,11,12
005_0022,48,54,59,53,56,73
005_0023,32,49,55,32,47,53
005_0024,22,26,31,23,26,31
005_0025,64,74,78,74,78,113
0063,35,43,50,41,48,57
0067,75,96,111,90,106,116
006_0001,57,62,76,58,62,76
006_0002,33,44,52,38,47,54
006_0003,70,80,86,76,82,94
006_0004,37,53,64,53,64,78
006_0005,86,100,107,97,105,140
006_0006,67,71,107,67,71,89
006_0007,68,72,77,68,71,75
006_0008,18,22,29,19,24,32
006_0009,87,114,121,102,118,125
006_0010,8,10,12,8,10,12
006_0011,36,39,41,37,39,42
006_0012,53,61,70,57,64,74
006_0013,96,105,135,105,135,163
006_0014,34,42,55,36,42,55
006_0015,66,79,92,79,92,115
006_0016,63,83,90,83,90,105
006_0017,12,14,17,13,15,19
006_0018,94,107,122,94,103,116
006_0019,140,148,154,145,148,172
006_0020,61,75,89,68,79,97
006_0021,78,89,100,78,86,97
006_0022,37,65,88,37,58,80
006_0023,14,17,19,16,18,22
006_0024,59,72,82,66,76,84
006_0025,66,70,74,69,72,87
0074,45,48,50,46,48,54
007_0001,54,64,80,54,56,76
007_0002,17,20,22,18,20,22
007_0003,7,9,11,9,10,13
007_0004,31,34,37,33,36,47
007_0005,54,65,70,54,63,69
007_0006,14,21,26,21,26,35
007_0007,82,87,92,84,89,92
007_0008,22,30,41,23,30,41
007_0009,8,11,13,10,12,16
007_0010,46,51,60,48,53,68
007_0011,58,62,65,61,64,67
007_0012,23,39,55,27,39,55
007_0013,56,62,70,58,62,70
007_0014,24,29,34,27,32,41
007_0015,11,14,16,14,16,19
007_0016,33,37,43,33,36,40
007_0017,96,116,140,100,116,140
007_0018,42,54,64,54,64,81
007_0019,54,59,66,56,61,71
007_0020,167,244,289,185,244,289
007_0021,16,18,20,16,17,19
007_0022,47,51,55,50,53,64
007_0023,25,42,55,42,55,70
007_0024,74,87,104,82,96,123
007_0025,42,52,62,45,52,62
008_0001,41,49,58,41,47,54
008_0002,77,89,103,77,86,97
008_0003,77,114,148,95,124,164
008_0004,95,111,120,111,120,126
008_0005,39,42,52,41,42,52
008_0006,77,100,123,100,123,167
008_0007,13,33,36,31,34,46
008_0008,1,5,10,1,2,7
008_0009,53,60,72,54,60,72
008_0010,79,92,137,79,124,170
008_0011,68,77,86,73,79,89
008_0012,36,46,54,43,51,59
008_0013,28,33,40,29,33,40
008_0014,70,77,87,72,77,87
008_0015,33,51,55,45,53,66
008_0016,135,162,187,162,187,229
008_0017,30,44,50,44,50,60
008_0018,50,74,105,55,74,105
008_0019,16,19,22,17,20,24
008_0020,97,114,133,114,133,175
008_0021,18,20,22,19,21,23
008_0022,76,81,108,76,81,108
008_0023,106,128,134,119,131,140
008_0024,36,41,48,39,46,53
008_0025,15,18,19,16,18,19
0091,13,16,18,15,17,21
0093,21,22,24,22,24,40
0095,101,106,114,105,111,125
0097,38,43,51,43,44,64
0099,26,29,39,27,30,49
009_0001,46,50,54,50,54,72
009_0002,76,84,104,76,84,96
009_0003,88,104,112,88,98,110
009_0004,111,126,138,122,133,149
009_0005,72,80,98,75,87,101
009_0006,38,46,50,42,46,52
009_0007,29,36,42,34,40,48
009_0008,38,43,49,40,44,52
009_0009,56,92,138,92,138,178
009_0010,107,129,138,124,136,183
009_0011,48,56,66,54,64,74
009_0012,51,77,98,66,89,143
009_0013,44,50,51,48,50,51
009_0014,35,41,50,35,39,46
009_0015,32,38,42,32,38,42
009_0016,88,117,154,101,127,174
009_0017,8,22,34,22,34,44
009_0018,60,70,81,67,77,95
009_0019,4,6,22,6,22,34
009_0020,16,19,22,17,19,22
009_0021,22,26,30,22,26,28
009_0022,46,61,71,58,67,87
009_0023,114,132,146,124,136,154
009_0024,43,63,70,63,70,85
009_0025,36,40,54,38,40,62
0105,20,24,36,21,24,36
0107,87,102,115,94,106,117
010_0001,60,81,93,81,93,109
010_0002,27,32,38,31,36,45
010_0003,10,12,15,11,13,16
010_0004,55,64,68,60,65,68
010_0005,37,45,50,41,46,55
010_0006,106,145,198,106,133,176
010_0007,72,82,90,82,90,114
010_0008,56,67,78,64,74,94
010_0009,4,8,11,7,10,14
010_0010,113,118,138,114,118,138
010_0011,29,40,45,40,45,51
010_0012,52,57,64,56,58,86
010_0013,54,60,66,57,62,69
010_0014,36,57,78,57,72,97
010_0015,62,70,78,70,78,94
010_0016,34,41,48,39,45,57
010_0017,11,16,22,12,16,22
010_0018,91,104,113,94,104,113
010_0019,50,56,67,54,63,75
010_0020,66,70,104,69,70,131
010_0021,24,27,33,24,27,28
010_0022,267,310,352,287,322,372
010_0023,50,58,66,50,54,62
010_0024,61,80,86,74,82,89
010_0025,50,57,67,50,56,61
0113,18,21,31,18,21,31
0115,30,36,40,32,36,40
011_0001,40,43,60,42,54,79
011_0002,18,22,27,18,21,25
011_0003,73,78,105,73,77,88
011_0004,31,36,39,36,39,48
011_0005,73,79,107,76,80,125
011_0006,33,38,42,36,39,43
011_0007,28,36,39,33,37,42
011_0008,58,66,70,60,66,70
011_0009,39,45,52,40,45,52
011_0010,19,22,25,20,23,27
011_0011,27,30,42,29,32,46
011_0012,77,83,96,78,83,96
011_0013,33,60,73,55,69,78
011_0014,23,43,51,29,43,51
011_0015,94,101,111,99,104,115
011_0016,36,70,94,62,76,130
011_0017,30,41,50,33,41,50
011_0018,91,96,113,95,98,129
011_0019,29,34,40,33,38,44
011_0020,12,14,16,12,14,16
011_0021,79,112,146,89,125,152
011_0022,63,83,107,79,100,125
011_0023,75,94,124,84,101,141
011_0024,34,44,58,36,44,58
011_0025,38,44,57,38,42,51
012_0001,81,93,101,87,96,102
012_0002,66,80,95,73,84,105
012_0003,81,91,96,87,93,107
012_0004,13,16,19,14,16,19
012_0005,78,80,96,80,90,111
012_0006,73,79,86,77,83,91
012_0007,37,39,48,39,44,60
012_0008,53,59,62,56,60,63
012_0009,75,96,111,85,101,114
012_0010,48,52,55,49,52,55
012_0011,89,108,126,103,119,146
012_0012,52,62,74,56,66,80
012_0013,101,106,125,102,111,135
012_0014,91,118,139,111,132,156
012_0015,8,10,11,9,10,13
012_0016,45,48,50,46,48,54
012_0017,54,62,76,57,66,81
012_0018,82,104,135,83,104,135
012_0019,56,62,68,61,65,94
012_0020,68,72,76,70,74,80
0132,65,71,89,68,71,107
0134,70,80,86,70,78,84
013_0001,17,24,28,24,28,36
013_0002,53,56,63,54,57,66
013_0003,86,103,116,86,99,112
013_0004,36,41,43,39,42,44
013_0005,9,10,12,10,12,15
013_0006,24,28,30,27,29,33
013_0007,63,74,86,63,71,79
013_0008,90,106,126,102,124,150
013_0009,1,48,70,16,60,76
013_0010,36,40,44,37,40,44
013_0011,134,165,204,148,175,233
013_0012,65,76,95,72,87,116
013_0013,27,35,41,32,36,44
013_0014,28,31,34,31,33,37
013_0015,30,33,41,31,33,41
013_0016,64,77,92,66,77,92
013_0017,60,65,74,61,65,74
013_0018,37,41,44,38,42,45
013_0019,50,63,69,60,67,72
013_0020,45,49,56,49,51,61
0142,37,44,47,42,46,51
0144,60,64,76,61,64,76
014_0001,50,54,61,53,56,74
014_0002,44,53,57,50,54,60
014_0003,25,29,37,25,27,34
014_0004,96,105,122,99,105,122
014_0005,47,53,57,52,56,67
014_0006,32,50,72,32,45,63
014_0007,12,14,16,12,13,15
014_0008,30,33,36,32,34,48
014_0009,20,24,26,22,26,34
014_0010,63,85,101,69,85,101
014_0011,81,90,98,81,88,94
014_0012,102,108,109,108,109,125
014_0013,81,87,100,83,91,113
014_0014,28,32,45,29,35,48
014_0015,24,27,32,25,27,32
014_0016,32,52,62,37,52,62
014_0017,53,66,73,60,68,75
014_0018,62,65,79,65,79,114
014_0019,45,60,68,54,62,71
014_0020,26,28,32,27,29,38
0152,55,67,87,58,67,87
0154,50,82,92,82,92,137
0156,52,60,70,54,60,70
015_0001,27,31,35,29,32,39
015_0002,31,41,49,32,44,52
015_0003,37,48,56,44,49,68
015_0004,8,9,10,8,9,10
015_0005,32,36,40,36,40,66
015_0006,70,85,125,80,106,143
015_0007,99,114,124,103,114,124
015_0008,70,77,86,74,80,89
015_0009,56,60,69,58,60,69
015_0010,16,20,25,16,20,25
015_0011,70,93,128,73,105,135
015_0012,27,33,37,30,34,39
015_0013,88,98,103,91,98,103
015_0014,34,39,43,37,40,44
015_0015,39,44,49,39,43,47
015_0016,87,93,112,89,99,120
015_0017,34,40,46,40,46,54
015_0018,57,59,61,59,61,71
015_0019,31,34,38,32,34,38
015_0020,21,27,32,25,31,36
0160,46,59,73,49,59,73
0164,27,33,37,31,36,40
0168,79,83,91,83,91,113
016_0001,14,21,28,21,28,35
0170,37,46,52,42,48,54
017_0001,83,96,106,85,96,106
0185,4,12,26,6,22,34
0189,66,75,83,69,78,87
018_0001,168,180,194,172,180,194
018_0015,28,33,43,29,33,43
018_0407,60,66,81,63,68,102
018_0409,61,75,90,65,80,93
018_0413,53,62,77,54,67,83
018_0417,30,32,35,30,32,33
0191,66,78,83,76,82,85
0195,25,29,32,27,30,33
0197,48,66,84,61,77,103
019_0271,47,59,84,49,59,84
019_0376,41,51,61,51,61,96
019_0382,38,43,46,39,43,46
019_0384,6,8,10,7,9,12
019_0386,36,40,42,38,41,43
019_0396,56,62,73,58,66,77
019_0400,74,76,118,75,87,131
0204,71,73,99,72,77,120
0208,53,69,78,65,75,89
020_0428,13,14,16,13,14,15
020_0432,6,8,10,7,9,11
020_0434,82,89,105,87,97,113
020_0438,115,123,145,117,123,145
020_0444,75,79,82,77,80,84
020_0446,78,84,92,79,84,92
020_0450,25,26,38,26,27,45
0210,51,77,98,56,85,124
0212,12,18,24,13,18,24
0214,56,67,78,61,70,84
021_0455,11,14,18,13,15,20
021_0459,54,73,89,63,78,111
021_0467,29,34,37,32,36,47
021_0469,73,79,97,75,83,104
021_0473,67,71,87,68,75,95
0229,51,59,71,54,63,75
022_0476,43,48,52,47,51,74
022_0480,35,38,41,36,38,41
022_0484,30,45,54,45,54,66
022_0486,13,14,15,13,14,17
022_0492,62,66,70,65,68,73
022_0496,32,57,70,39,57,70
022_0500,45,48,53,46,49,56
0231,45,52,56,52,56,67
0237,78,88,94,81,88,94
023_0501,22,25,27,23,25,27
023_0505,21,24,28,21,23,25
023_0511,15,21,25,19,24,31
023_0517,5,8,14,5,6,12
023_0519,8,11,13,11,13,15
023_0525,56,63,67,58,63,67
0241,16,20,24,18,21,27
0245,26,29,33,26,29,31
0247,33,46,51,37,46,51
024_0526,40,44,46,40,43,45
024_0528,23,26,31,26,31,37
024_0530,48,54,67,50,57,71
024_0536,30,31,44,30,32,63
024_0538,40,51,64,41,51,64
024_0540,15,16,17,16,17,30
0258,37,45,53,41,48,57
025_0551,21,23,25,23,24,27
025_0553,27,30,37,29,32,40
025_0555,39,54,64,47,61,70
025_0557,19,21,27,20,24,34
025_0561,45,61,70,45,56,68
025_0565,28,43,48,34,43,48
025_0567,62,65,80,62,65,68
025_0573,150,185,237,150,174,213
0266,60,71,83,63,71,83
0268,34,38,43,35,38,43
026_0576,48,61,69,55,63,73
026_0578,21,24,27,22,25,30
026_0582,50,58,63,54,60,68
026_0588,29,34,50,30,34,50
026_0590,37,42,53,42,53,74
026_0592,55,63,67,59,64,68
026_0596,60,64,67,62,65,68
026_0598,124,157,186,148,175,218
026_0600,8,11,13,9,11,15
0274,26,29,38,29,32,46
0277,121,136,166,121,136,166
0279,27,32,38,31,36,45
027_0603,15,19,23,16,19,23
027_0605,59,72,90,63,79,98
027_0611,37,40,43,38,41,48
027_0615,69,74,84,71,79,88
027_0621,66,71,85,67,71,85
0283,20,27,36,23,30,41
0285,96,108,132,96,118,132
0287,30,33,41,30,33,41
0289,26,27,29,27,28,31
028_0626,40,44,51,41,44,51
028_0630,25,27,38,26,27,38
028_0632,29,34,39,29,33,37
028_0640,71,74,77,72,74,77
028_0642,39,55,67,47,59,71
028_0644,42,44,52,44,46,58
0291,39,44,49,39,43,47
0295,22,28,37,25,30,43
0297,36,62,76,62,76,130
0299,65,89,102,72,89,102
029_0651,45,53,61,49,58,67
029_0652,23,25,28,23,24,27
029_0658,61,66,81,64,66,97
029_0659,18,22,26,18,21,25
029_0661,23,25,27,24,26,42
029_0663,43,47,57,45,51,69
029_0667,53,56,63,54,56,63
029_0668,65,85,114,73,94,120
029_0670,25,28,31,27,30,33
0302,54,60,68,54,59,63
0304,72,80,98,73,80,98
0308,34,38,45,37,43,52
030_0676,46,51,56,50,55,61
030_0678,13,16,19,14,16,21
030_0680,47,55,65,47,52,62
030_0681,36,72,76,54,74,80
030_0683,49,55,57,53,56,79
030_0685,40,43,57,40,42,53
030_0695,40,47,48,44,47,48
0310,54,71,80,60,71,80
0312,40,43,51,43,51,69
0314,39,44,50,41,46,53
031_0701,15,22,28,18,26,30
031_0702,59,72,80,66,75,83
031_0709,21,26,32,22,26,32
031_0714,39,43,47,40,43,47
031_0716,70,76,96,72,76,96
031_0719,59,71,85,62,71,85
0320,20,46,72,46,72,73
0322,21,24,29,23,26,37
0324,73,85,91,78,85,91
0327,77,84,89,82,87,98
032_0726,39,42,51,40,47,61
032_0731,36,40,50,38,46,58
032_0735,51,62,75,53,62,75
032_0738,45,53,66,46,53,66
032_0740,26,29,32,28,31,35
032_0750,20,26,29,25,29,31
0331,15,18,21,18,21,26
0333,60,65,69,60,64,68
0337,65,72,77,70,76,84
0339,81,87,94,84,89,99
033_0751,59,62,80,60,69,84
033_0753,17,20,23,18,20,23
033_0756,36,46,56,44,54,64
033_0758,61,64,79,61,64,79
033_0760,29,34,38,31,35,40
033_0761,27,29,34,28,30,36
033_0763,5,6,7,6,7,11
033_0766,15,17,20,16,17,21
0341,19,27,39,19,24,35
0343,63,73,86,63,70,81
0345,116,131,136,121,131,136
0347,28,36,46,28,38,54
0349,44,50,63,46,55,67
034_0776,27,31,35,30,33,39
034_0781,28,38,46,38,46,56
034_0783,76,90,122,77,100,135
034_0785,15,23,27,21,25,31
034_0788,64,67,73,67,73,106
034_0790,22,27,33,24,29,34
034_0795,13,16,19,13,16,19
034_0798,25,31,36,30,34,40
0354,80,90,130,80,90,130
035_0801,103,120,136,107,120,136
035_0803,11,16,21,16,21,30
035_0805,27,30,32,30,32,40
035_0806,15,17,22,15,17,22
035_0808,68,74,76,71,75,84
035_0815,24,25,30,24,27,33
035_0816,48,53,57,52,56,64
035_0819,3,4,8,3,4,8
0362,18,20,22,20,22,25
036_0828,26,27,32,26,27,32
036_0830,32,36,41,34,37,45
036_0831,42,58,62,52,60,70
036_0833,65,70,91,65,67,83
036_0835,14,16,18,14,15,17
036_0836,56,59,69,57,59,69
036_0840,31,33,37,32,34,47
0377,38,40,49,40,49,59
0379,27,33,36,30,34,46
037_0851,30,33,36,31,33,36
037_0853,13,18,20,14,18,20
037_0855,48,53,59,49,53,59
037_0858,58,65,117,61,99,175
037_0860,41,48,59,43,48,59
037_0868,21,26,31,26,31,43
037_0871,43,45,50,44,47,52
037_0873,13,17,21,14,17,21
0381,52,68,88,62,84,98
0383,50,63,69,54,63,69
0385,66,74,79,71,76,81
0387,48,52,58,51,55,71
038_0876,20,27,36,20,24,33
038_0881,49,57,65,50,57,65
038_0891,52,58,60,54,58,60
038_0893,17,21,25,20,24,28
038_0900,61,64,69,62,64,69
0391,40,67,90,40,62,75
0393,54,59,65,56,60,69
039_0901,40,43,45,41,43,45
039_0903,34,39,44,35,39,44
039_0905,48,52,58,50,52,62
039_0906,54,58,62,54,58,62
039_0908,59,67,87,63,79,107
039_0913,52,59,69,54,62,73
039_0916,70,73,86,71,77,95
039_0918,19,26,33,22,27,37
039_0921,13,16,19,13,14,18
0402,120,135,163,130,152,210
0406,21,27,33,22,28,35
040_0926,38,54,67,38,50,62
040_0930,72,92,103,82,95,110
040_0935,41,48,57,42,48,57
040_0941,36,40,43,36,39,42
040_0943,53,71,93,54,81,101
040_0948,21,25,28,21,24,27
0410,88,95,98,95,98,138
0412,86,105,120,95,111,125
0414,287,342,384,342,384,456
0416,36,46,54,38,46,54
0418,46,49,52,48,51,63
041_0951,44,48,51,47,50,54
041_0953,24,34,42,31,39,46
041_0956,8,9,11,9,10,13
041_0960,60,68,88,64,72,100
041_0961,128,147,162,129,147,162
041_0968,38,43,52,41,49,60
041_0970,40,47,54,47,54,62
0424,52,57,62,56,60,66
0427,50,62,74,50,62,74
0429,25,42,48,37,46,69
042_0976,46,49,56,46,49,56
042_0982,20,23,26,21,24,30
042_0987,57,65,75,61,68,80
042_0990,20,23,28,21,23,28
0433,46,51,60,48,53,68
0435,47,49,57,47,48,54
0439,21,24,27,22,24,27
043_1001,66,70,79,69,71,105
043_1003,18,23,25,23,25,29
043_1008,96,111,132,97,118,141
043_1013,8,12,16,9,12,16
043_1018,63,68,92,64,68,92
043_1023,18,19,20,18,19,22
0449,65,70,76,69,71,92
044_1030,35,40,51,36,40,51
044_1033,59,67,99,60,67,99
044_1035,40,48,51,48,51,72
044_1038,6,9,14,7,10,15
044_1043,36,40,45,39,43,50
044_1046,25,34,39,27,34,39
044_1050,57,60,63,58,61,64
0452,17,21,24,20,23,27
0456,60,74,100,72,90,122
045_1054,15,19,24,17,21,26
045_1056,43,47,70,44,47,70
045_1059,35,39,44,36,39,44
045_1069,49,58,72,51,63,76
045_1072,8,12,14,8,12,14
045_1075,41,44,48,42,45,51
0460,23,25,37,23,25,37
0462,49,57,66,54,59,72
0464,49,63,72,57,66,76
0466,48,57,67,50,57,67
0468,38,43,48,42,46,56
046_1076,57,59,60,58,59,65
046_1081,52,62,78,58,70,92
046_1083,49,52,63,50,52,63
046_1086,8,9,11,9,10,14
046_1090,6,9,13,8,10,15
046_1096,7,12,15,11,14,18
0474,9,13,17,10,14,19
0477,25,32,38,27,32,38
047_1101,39,45,50,39,44,48
047_1105,50,55,61,50,53,58
047_1106,32,34,52,32,34,52
047_1110,33,36,40,35,39,49
047_1111,51,53,75,53,57,83
047_1116,24,32,47,24,32,47
047_1120,16,23,26,20,24,27
047_1123,36,40,44,36,39,43
0481,34,42,44,36,42,48
0483,58,62,65,59,62,65
0485,36,39,43,37,40,45
048_1128,29,30,40,30,40,48
048_1130,17,20,23,20,23,29
048_1141,63,69,72,66,70,77
048_1145,61,66,70,62,66,70
048_1148,44,58,73,51,62,83
0491,58,65,70,61,66,72
0493,69,75,80,75,80,90
0495,20,35,49,31,44,64
049_1151,96,106,114,102,108,117
049_1155,27,29,34,28,30,37
049_1161,17,19,23,18,20,25
049_1166,63,68,72,66,69,85
049_1168,64,70,75,67,72,76
049_1171,28,46,56,28,46,56
0502,21,26,29,26,29,35
0504,53,56,60,54,57,62
0506,50,63,69,57,65,71
0508,18,21,23,20,22,26
050_1178,20,22,24,22,24,29
050_1181,46,58,65,51,60,68
050_1184,87,91,106,91,106,126
050_1187,47,61,69,58,66,90
050_1188,56,67,71,56,65,70
050_1190,35,40,44,36,40,44
050_1192,40,48,52,44,48,52
050_1200,34,38,41,37,40,43
0510,48,56,76,50,58,78
0514,17,20,23,18,21,24
0516,26,31,39,31,39,55
0518,78,89,100,80,89,100
051_1201,33,38,43,34,38,43
051_1206,2,3,4,2,3,5
051_1208,20,25,29,22,25,31
051_1210,112,127,143,123,137,158
051_1211,60,67,73,63,69,76
051_1216,20,23,25,22,24,26
051_1223,25,28,31,27,29,45
0520,55,68,78,57,72,79
0522,17,21,26,18,22,29
0524,32,37,39,36,38,41
0527,55,61,64,55,60,63
0529,79,112,130,97,119,134
052_1228,16,21,27,17,21,27
052_1231,71,93,113,78,93,113
052_1234,49,51,54,51,54,66
052_1238,7,8,12,6,7,10
052_1239,59,62,75,59,61,67
052_1246,30,32,34,30,32,34
0531,44,46,48,46,48,66
0533,71,77,80,74,78,84
0535,37,49,64,46,58,88
0537,11,15,18,13,16,21
0539,58,60,65,59,60,65
053_1253,39,43,52,39,42,48
053_1258,101,117,133,105,117,133
053_1263,47,52,61,49,54,65
053_1268,27,42,45,42,45,56
053_1270,86,89,107,87,91,114
0541,24,26,30,24,26,29
0543,57,74,87,57,69,82
0545,35,45,48,44,47,52
0547,37,41,45,38,41,45
0549,54,57,60,57,60,83
054_1276,21,24,27,24,27,33
054_1278,8,9,11,9,11,13
054_1280,61,66,69,65,68,96
054_1283,38,47,56,38,47,56
054_1286,43,59,69,43,55,66
054_1291,20,29,37,24,32,42
054_1293,45,51,58,49,53,62
054_1300,35,38,41,37,39,47
0552,65,67,71,65,67,71
0554,87,97,106,97,106,124
0556,68,76,80,70,78,80
0558,71,75,86,71,75,86
055_1301,6,9,11,7,9,12
055_1306,30,33,40,30,32,37
055_1308,19,20,22,20,22,27
055_1310,14,15,20,15,18,22
055_1313,36,41,47,37,41,47
055_1315,50,53,55,51,53,55
055_1321,8,11,14,11,14,18
055_1323,34,36,44,34,36,44
055_1325,53,56,58,56,58,70
0562,14,21,29,17,21,29
0566,13,17,21,15,18,22
0568,30,35,40,35,40,54
056_1326,38,45,50,45,50,60
056_1331,48,52,54,51,53,56
056_1336,15,17,19,16,18,25
056_1338,3,4,8,4,5,9
056_1346,13,15,16,14,16,19
056_1348,50,54,58,51,54,58
0572,21,23,25,23,25,27
0574,62,71,76,66,72,78
0579,76,87,111,80,93,122
057_1351,37,40,53,38,42,57
057_1353,7,9,10,8,9,11
057_1363,56,61,65,59,63,67
057_1366,34,37,41,36,40,47
057_1368,48,51,54,49,51,54
057_1371,24,29,34,27,30,36
0581,42,64,74,60,64,74
0583,113,133,150,124,136,183
0587,33,40,48,36,42,54
058_1376,14,17,20,16,18,27
058_1386,13,17,20,14,18,21
058_1391,28,36,41,28,36,41
058_1393,58,62,65,61,64,67
058_1398,63,73,90,68,84,103
0591,8,10,12,9,10,12
0593,39,42,48,40,44,52
0597,22,29,37,26,31,39
0599,26,29,33,27,29,33
059_1401,13,15,18,13,14,17
059_1403,9,14,20,9,13,18
059_1406,84,99,106,97,104,115
059_1408,39,47,54,41,47,54
059_1410,19,22,24,20,22,24
059_1418,46,54,64,52,56,70
059_1421,12,15,17,13,15,18
0602,88,104,131,99,117,158
0604,78,94,105,82,94,105
0606,82,84,94,84,92,128
0608,122,128,142,122,127,135
060_1426,25,38,45,31,40,48
060_1428,18,23,28,20,24,31
060_1430,86,90,120,88,90,132
060_1441,60,80,100,75,93,111
060_1446,14,16,17,14,16,17
060_1450,45,52,58,47,52,58
0610,63,73,86,63,70,81
0612,5,7,8,6,8,10
0614,41,45,47,44,47,65
0616,16,18,19,16,18,19
0618,67,72,80,70,74,88
061_1453,51,56,65,52,56,65
061_1455,47,49,52,47,49,52
061_1458,3,4,5,4,5,6
061_1460,61,70,85,64,74,92
061_1465,36,38,40,38,39,47
061_1470,54,60,64,56,60,64
061_1471,9,10,11,10,11,15
0620,32,41,48,36,43,52
0622,36,40,42,39,41,55
0624,96,109,113,107,111,116
0627,103,133,150,110,133,150
0629,59,65,79,65,79,103
062_1476,41,51,61,46,55,65
062_1478,40,50,58,40,48,55
062_1481,7,9,14,8,11,15
062_1490,43,47,51,46,49,54
062_1491,31,37,44,31,35,41
062_1493,26,31,34,29,33,37
062_1495,5,6,8,5,7,11
062_1496,2,4,8,2,4,8
062_1500,29,33,37,30,33,37
0631,38,44,48,44,46,64
0633,49,61,70,52,61,70
0635,47,56,63,53,60,77
0637,9,11,14,9,11,13
0639,57,60,68,59,61,73
063_1511,40,48,55,43,50,59
063_1515,27,29,31,28,30,33
063_1518,62,66,69,63,66,69
063_1520,28,32,35,32,35,41
063_1525,50,57,63,54,59,66
0641,20,24,28,20,23,27
0643,62,70,82,62,68,77
0645,31,37,44,37,40,55
0647,15,20,22,19,21,25
0649,137,155,196,145,155,196
064_1526,20,24,26,23,25,29
064_1530,36,40,45,37,40,45
064_1533,5,7,9,6,8,10
064_1535,64,70,75,67,71,89
064_1536,57,61,73,58,64,81
064_1543,30,36,40,31,36,40
064_1550,46,54,69,49,59,74
0653,67,76,90,68,76,90
0655,37,43,49,37,41,47
0657,40,45,52,41,45,52
065_1551,12,15,18,14,16,21
065_1553,14,18,22,17,20,26
065_1556,53,62,74,57,65,82
065_1568,42,47,49,45,47,52
065_1573,46,49,58,48,54,65
065_1575,28,32,38,32,38,50
0660,62,65,76,64,65,82
0662,11,14,15,11,13,14
0664,30,44,51,34,44,51
0666,38,43,48,40,45,50
0669,34,42,60,34,42,60
066_1576,69,74,76,74,76,105
066_1580,44,47,57,45,47,57
066_1583,7,12,13,12,13,14
066_1586,57,69,86,62,74,96
066_1591,92,103,117,97,107,121
066_1600,18,22,38,20,22,40
0671,63,73,80,68,75,82
0674,54,61,67,56,61,67
0677,78,85,93,81,87,97
0679,64,70,75,69,71,87
067_1603,13,16,19,15,17,21
067_1610,60,69,77,69,77,92
067_1613,58,60,62,58,60,62
067_1615,32,36,41,34,37,43
067_1616,47,52,56,52,56,64
067_1621,100,112,128,107,122,144
067_1623,49,50,58,50,58,67
0682,31,36,39,36,39,51
0684,21,27,31,25,29,35
0687,43,49,53,46,50,54
0689,14,18,22,17,20,27
068_1628,37,41,45,40,43,50
068_1631,29,34,39,32,37,46
068_1635,29,33,35,33,35,43
068_1638,12,16,22,13,18,25
068_1640,38,48,57,44,54,62
068_1646,47,51,88,49,76,95
068_1650,54,68,77,62,71,97
0692,33,35,38,34,38,46
0694,54,60,76,56,60,80
0697,56,64,72,59,67,75
0699,72,85,95,78,88,100
069_1651,23,26,27,26,27,47
069_1655,27,30,37,27,30,37
069_1658,33,39,46,37,43,60
069_1660,36,42,49,39,43,53
069_1661,7,8,9,8,9,15
069_1671,6,8,9,7,8,10
069_1673,8,11,14,11,13,17
069_1675,10,15,18,15,18,20
0703,63,68,119,64,93,125
0705,68,78,87,72,78,87
0708,76,84,90,80,86,92
070_1678,43,45,54,44,46,65
070_1680,40,43,46,41,44,47
070_1688,10,14,16,12,15,17
070_1693,30,36,42,30,34,39
070_1695,39,45,50,40,45,50
070_1700,18,24,30,19,24,30
0710,68,125,141,68,92,138
0712,79,85,91,84,89,119
0715,27,31,39,29,34,47
0717,26,33,39,26,31,36
071_1705,78,82,85,80,83,86
071_1706,17,30,40,23,34,43
071_1711,47,63,84,54,69,95
071_1716,9,11,13,10,11,13
071_1720,49,56,62,55,60,67
0720,65,80,90,73,84,92
0722,20,24,26,23,25,28
0724,62,72,83,62,69,78
0727,44,48,51,45,48,51
0729,60,71,78,71,78,93
072_1726,30,31,34,31,32,36
072_1730,34,40,46,37,42,49
072_1733,115,121,128,119,125,140
072_1740,21,23,24,22,23,25
072_1745,40,48,57,46,54,68
072_1750,80,83,86,83,86,91
0732,37,41,51,39,45,53
0734,12,14,15,13,14,16
0737,16,18,20,17,19,22
0739,16,25,34,16,21,29
073_1755,64,70,78,64,68,74
073_1760,15,17,18,16,17,18
073_1761,59,61,64,60,62,69
073_1765,34,36,38,36,38,42
073_1768,23,27,33,23,26,31
0742,30,35,38,32,35,38
0744,70,80,94,70,76,88
0747,73,75,88,75,88,128
0749,52,59,71,54,62,76
074_1778,19,20,27,19,20,27
074_1781,9,14,18,10,14,18
074_1786,53,57,61,55,58,62
074_1791,14,18,23,16,19,26
074_1796,54,72,84,60,78,84
074_1800,56,61,66,59,63,68
0752,32,35,36,33,35,39
0754,80,104,120,93,108,125
0757,65,75,85,67,75,85
0759,11,15,18,14,17,22
075_1803,90,128,144,97,128,144
075_1805,38,39,40,39,40,45
075_1811,25,31,36,28,32,38
075_1815,28,39,49,39,49,69
075_1818,166,170,185,168,174,217
075_1820,43,48,53,43,46,51
075_1823,31,34,36,33,35,39
0762,57,62,69,57,60,66
0764,98,110,122,102,113,129
0767,44,49,53,49,53,70
0769,52,56,60,54,56,60
076_1826,24,29,38,26,36,42
076_1833,28,32,36,32,36,52
076_1840,49,60,71,52,60,71
076_1845,25,26,32,25,26,27
076_1850,11,15,17,11,14,16
0772,78,88,98,80,88,98
0774,66,77,83,77,83,107
0777,67,80,87,74,82,89
0779,75,91,116,83,97,126
077_1851,55,63,68,63,68,77
077_1853,14,17,22,15,17,22
077_1858,58,62,78,60,62,82
077_1860,25,30,33,28,31,35
077_1863,61,65,69,65,69,100
077_1870,15,26,39,23,34,54
077_1875,8,11,13,8,11,13
0782,18,22,26,20,23,28
0784,18,26,29,19,26,29
0787,6,9,13,7,11,15
0789,34,36,39,36,39,53
078_1876,66,69,81,68,70,109
078_1883,16,24,26,16,24,34
078_1888,7,10,14,8,13,17
078_1890,30,32,36,32,34,40
078_1893,14,17,20,15,17,21
078_1900,15,16,17,16,17,18
0792,88,92,100,89,92,100
0794,18,36,40,34,38,46
0797,71,102,124,92,118,133
0799,41,57,70,41,51,65
079_1903,42,47,51,45,49,55
079_1915,7,9,10,8,10,13
079_1918,41,44,46,44,46,50
079_1921,15,17,18,16,17,19
079_1925,44,51,60,47,53,65
0802,35,38,41,36,39,45
0804,87,108,127,87,99,123
0807,35,46,55,39,49,58
0809,30,32,34,32,34,40
080_1926,43,47,50,45,48,51
080_1928,24,28,29,26,28,36
080_1931,106,123,130,115,126,138
080_1933,32,42,52,37,45,59
080_1938,81,95,117,84,95,117
080_1940,33,40,52,39,41,71
080_1941,103,114,125,108,117,131
0812,30,32,33,30,32,33
0814,88,99,109,96,105,123
0817,32,35,38,32,34,37
081_1951,10,13,23,11,14,26
081_1953,24,26,31,25,29,36
081_1965,67,79,88,76,85,101
081_1968,24,28,31,28,31,35
081_1975,34,42,49,38,44,53
0820,79,95,113,86,99,123
0822,45,49,53,47,50,56
0824,80,89,110,84,101,135
0827,112,118,123,112,117,121
0829,70,87,112,81,102,131
082_1980,14,17,19,17,19,23
082_1981,71,75,81,73,76,88
082_1991,54,63,84,58,78,102
082_1995,12,13,18,13,17,22
082_1996,59,69,77,64,72,80
082_2000,97,116,125,108,119,128
0832,21,27,35,24,29,41
0834,27,36,41,34,39,43
0837,13,16,19,16,19,25
0839,71,73,79,72,73,79
083_2001,17,20,22,19,21,23
083_2002,13,20,24,18,23,29
083_2008,15,18,25,16,20,30
083_2011,41,53,63,44,53,63
083_2013,28,34,40,30,36,44
083_2016,23,29,35,26,31,38
083_2020,24,28,32,26,29,34
083_2025,10,12,15,11,12,15
0842,20,24,27,22,25,30
0844,58,74,86,66,78,92
0847,64,75,96,67,80,104
0849,64,75,103,64,73,83
084_2026,58,61,64,59,61,64
084_2028,13,14,16,13,14,15
084_2031,28,32,34,32,34,47
084_2033,31,38,46,35,43,55
084_2035,59,64,78,60,64,78
084_2036,7,9,16,7,9,16
084_2045,4,5,7,5,7,10
084_2048,15,17,21,17,21,29
084_2050,41,44,47,44,47,56
0852,13,18,23,15,20,26
0854,122,136,150,136,150,176
0857,44,53,59,46,53,59
0859,17,25,32,25,32,44
085_2051,49,55,61,54,59,67
085_2054,57,66,73,59,66,73
085_2060,46,52,58,46,50,55
085_2061,18,21,27,18,21,27
085_2068,7,9,11,8,10,12
085_2070,9,15,22,15,22,31
085_2073,16,23,33,17,23,33
0862,10,12,14,11,12,14
0864,25,29,34,25,29,34
0867,76,82,98,80,84,104
0869,87,98,109,98,109,136
086_2078,8,13,18,13,18,24
086_2080,10,14,19,11,14,19
086_2088,56,64,73,59,67,79
086_2095,33,36,41,34,37,45
086_2100,15,19,22,16,19,22
0872,16,22,28,20,25,33
0874,52,57,62,55,59,68
0877,35,44,51,44,51,66
0879,25,30,34,28,31,36
087_2110,17,24,34,18,24,34
087_2111,72,79,88,76,81,91
087_2115,62,64,73,63,64,73
087_2118,24,29,34,28,32,42
087_2120,17,27,33,26,29,38
0882,37,44,52,37,42,48
0884,18,22,24,21,23,26
0887,8,9,11,9,10,13
0889,75,84,94,75,82,91
088_2128,18,21,25,19,23,26
088_2130,53,64,71,53,61,69
088_2136,44,50,58,44,48,55
088_2140,40,55,66,43,59,69
088_2141,11,15,18,11,15,18
088_2146,100,120,134,110,125,138
088_2148,26,32,46,28,36,50
0892,96,119,141,96,103,137
0894,103,120,131,106,120,131
0897,60,66,76,63,68,81
0899,47,54,61,52,59,68
089_2153,36,41,50,41,50,58
089_2160,48,59,71,52,62,78
089_2163,13,14,15,14,15,18
089_2170,15,18,19,17,19,21
089_2171,30,36,46,32,43,52
0902,87,89,127,87,89,112
0904,93,110,126,97,110,126
0907,20,26,33,23,28,39
0909,31,34,36,33,35,45
090_2178,12,18,21,18,21,26
090_2180,12,16,19,14,17,20
090_2186,62,77,95,62,73,88
090_2188,15,18,23,16,19,25
090_2190,34,38,44,35,38,44
090_2198,51,56,71,53,57,82
090_2200,34,36,47,34,36,47
0912,13,16,18,14,16,19
0914,38,46,49,45,48,53
0917,32,36,38,36,38,45
0919,8,26,34,8,26,27
091_2205,42,48,53,43,48,53
091_2208,17,19,22,18,19,22
091_2213,12,15,18,13,15,18
091_2216,36,37,61,36,43,74
091_2221,62,75,103,62,69,90
091_2225,19,20,21,20,21,23
0922,147,196,259,158,196,259
0924,51,57,76,54,72,84
0927,27,31,42,31,42,55
0929,65,100,114,82,109,128
092_2228,18,19,23,19,20,25
092_2230,10,13,15,13,15,18
092_2238,8,9,10,8,9,10
092_2243,10,12,13,11,12,14
092_2250,33,40,46,38,44,54
0932,25,28,32,26,29,34
0934,22,24,26,23,24,27
0937,65,79,89,65,74,87
0939,31,35,44,32,35,44
093_2251,22,24,26,22,24,26
093_2265,16,22,30,20,24,38
093_2268,16,19,24,17,22,27
093_2271,36,41,47,37,41,47
093_2273,74,77,83,76,79,98
093_2275,46,60,68,48,60,68
0942,28,30,32,30,31,39
0944,81,92,107,81,88,102
0947,57,60,74,57,59,73
0949,53,60,66,54,60,66
094_2281,61,70,87,65,70,87
094_2290,12,16,20,15,17,21
094_2295,13,16,21,15,19,24
094_2296,49,59,66,49,57,64
094_2298,10,14,18,12,15,20
0952,46,49,53,48,52,58
0954,77,101,116,91,106,122
0957,57,61,65,61,65,99
0959,108,123,142,111,123,142
095_2303,41,56,63,50,59,71
095_2308,49,52,68,52,62,81
095_2310,12,13,14,13,14,20
095_2315,41,47,54,41,46,51
095_2316,17,19,24,17,19,22
095_2320,28,30,38,30,38,52
095_2321,61,65,69,65,69,92
0962,22,24,28,22,24,28
0964,37,39,42,38,40,45
0967,51,73,84,73,84,122
0969,14,16,19,15,17,20
096_2326,26,36,46,30,39,50
096_2328,52,56,59,54,57,60
096_2333,70,78,84,74,80,86
096_2338,109,121,134,110,121,134
096_2341,24,26,29,25,26,29
096_2345,22,26,30,25,28,32
096_2346,78,85,116,80,102,144
0972,69,77,97,71,77,97
0974,58,66,83,59,66,83
0977,28,36,44,34,42,58
0979,11,13,16,11,13,16
097_2351,12,16,18,12,14,18
097_2355,48,62,73,55,65,77
097_2356,66,80,98,69,80,98
097_2363,14,17,20,15,18,21
097_2370,22,27,36,23,27,36
097_2371,60,70,85,61,75,90
097_2375,65,71,76,66,71,76
0981,53,74,84,69,81,89
0983,32,37,43,32,35,41
0986,30,32,37,31,33,40
0989,44,56,70,47,56,70
098_2376,19,21,27,21,24,30
098_2378,18,22,25,18,22,25
098_2390,19,21,24,20,21,24
098_2391,35,49,56,40,51,59
098_2398,9,12,14,10,12,14
098_2400,65,68,76,65,67,72
0991,41,45,61,44,56,70
0994,31,35,45,34,41,52
0997,29,31,37,30,33,39
0999,11,14,17,11,13,16
099_2401,16,18,23,16,19,25
099_2406,95,128,149,95,122,134
099_2408,36,40,47,38,41,52
099_2410,50,65,73,53,65,73
099_2413,123,168,225,155,201,323
099_2420,10,13,16,10,12,14
1002,29,31,33,31,33,48
1004,76,92,108,83,97,113
1007,44,49,58,46,53,62
1009,20,21,23,21,22,27
100_2430,34,50,68,34,44,62
100_2431,123,150,174,129,150,174
100_2433,30,33,35,32,34,36
100_2435,14,18,24,15,18,24
100_2445,32,38,43,35,39,46
1012,85,91,107,87,95,118
1014,43,49,54,44,49,54
1017,21,22,24,22,23,25
1019,64,71,80,66,71,80
101_2458,15,18,21,18,20,26
101_2460,227,287,370,254,311,421
101_2463,80,93,111,80,88,103
101_2465,66,71,81,71,81,135
101_2471,58,64,67,60,64,67
101_2475,17,21,25,18,21,25
1022,76,96,104,88,99,106
1024,45,47,50,46,48,51
1027,44,57,66,54,63,77
1029,74,80,96,74,80,96
102_2478,51,57,64,51,55,61
102_2481,187,213,233,213,233,286
102_2483,58,64,71,59,64,71
102_2485,71,76,92,76,92,113
102_2491,33,41,47,39,45,61
102_2493,33,36,39,35,38,66
1032,35,43,49,39,45,52
1034,26,28,29,27,29,31
1037,78,87,95,82,89,98
1039,55,63,77,60,64,86
103_2501,36,47,57,41,53,63
103_2503,70,76,88,72,80,96
103_2506,33,37,39,37,39,47
103_2508,61,65,70,63,66,71
103_2511,57,65,72,63,69,83
103_2515,50,53,55,52,54,57
103_2516,39,43,50,41,48,55
103_2520,48,53,58,51,56,64
1042,36,43,46,36,42,44
1044,58,66,78,63,75,89
1047,25,31,41,25,28,38
1049,52,59,72,55,63,78
104_2528,58,62,68,58,62,66
104_2531,21,22,26,21,24,31
104_2533,70,72,94,72,74,104
104_2538,68,70,77,70,77,100
104_2540,85,101,113,89,101,113
104_2546,56,62,66,59,64,68
104_2550,63,66,70,63,65,68
1051,42,46,57,44,48,61
1053,32,34,36,33,35,39
1055,78,89,108,81,94,119
1058,15,17,21,16,18,23
105_2551,47,57,64,57,64,70
105_2556,31,35,41,33,39,45
105_2560,79,95,110,87,99,116
105_2566,13,16,22,14,16,22
105_2568,58,62,66,60,64,70
105_2575,32,35,39,32,35,39
1060,38,43,48,42,46,51
1063,77,96,103,87,100,108
1065,37,44,51,44,51,60
1067,66,77,86,74,83,96
106_2576,37,44,48,41,45,50
106_2580,32,52,60,34,52,60
106_2593,12,16,21,16,21,30
106_2596,48,57,64,54,61,72
106_2600,16,19,21,18,20,25
1070,92,98,115,95,102,123
1073,33,49,55,39,49,55
1077,85,94,96,88,94,96
1079,78,82,109,77,78,95
107_2601,81,87,91,83,87,91
107_2606,19,20,24,19,22,29
107_2611,21,26,30,24,28,35
107_2613,9,14,18,10,14,18
107_2616,32,35,40,34,38,49
107_2620,22,25,31,25,31,37
107_2621,15,18,20,18,20,25
1082,25,28,34,26,28,38
1084,14,16,19,14,15,17
1087,37,41,46,39,42,49
1089,67,74,86,72,81,107
108_2626,42,46,58,42,46,58
108_2633,19,23,29,20,23,29
108_2635,13,16,20,14,16,20
108_2638,45,47,49,45,47,49
108_2641,14,20,23,16,20,23
1092,45,55,64,52,60,74
1094,17,22,25,22,25,34
1097,60,77,95,71,89,105
1099,92,117,140,98,117,140
109_2651,27,31,35,31,35,39
109_2653,18,25,31,19,25,31
109_2655,18,20,23,19,21,25
109_2668,63,66,74,64,68,78
109_2673,15,18,22,16,19,24
109_2675,68,84,101,72,84,101
1102,63,69,74,65,69,74
1104,56,64,66,60,65,68
1107,25,31,36,29,34,41
1109,15,17,19,17,19,25
110_2676,9,14,18,13,15,23
110_2680,30,34,44,30,34,44
110_2683,74,77,78,76,78,89
110_2688,50,52,69,52,69,95
110_2690,59,67,80,61,71,84
110_2693,6,10,13,9,12,15
110_2695,31,35,41,32,35,41
1112,29,32,34,31,33,37
1114,35,37,52,36,38,62
1117,16,18,20,18,20,24
1119,44,52,60,46,52,60
111_2701,54,61,78,58,66,85
111_2703,35,41,46,41,46,55
111_2710,72,88,109,84,100,138
111_2715,10,14,18,11,15,21
111_2723,37,39,48,38,39,48
111_2725,14,17,20,17,20,35
1122,24,33,44,25,33,44
1124,21,25,28,21,25,31
1127,76,85,93,83,89,103
1129,79,90,102,84,93,109
112_2728,99,106,109,103,108,118
112_2736,10,12,14,12,14,17
112_2740,64,66,67,65,66,67
112_2741,32,39,53,32,39,53
112_2746,8,10,15,10,14,19
112_2748,28,31,36,31,33,47
1132,84,88,118,84,92,120
1134,71,102,115,96,111,130
1137,63,70,78,68,75,85
1139,70,76,79,73,77,81
113_2751,29,31,38,29,30,35
113_2753,53,61,70,53,56,67
113_2756,55,65,82,55,65,82
113_2758,9,11,14,10,12,16
113_2765,59,62,71,60,64,74
113_2770,28,30,32,30,32,37
113_2773,57,62,75,57,59,68
1142,10,13,15,12,13,17
1144,33,37,39,34,38,41
1147,32,40,46,36,42,48
1149,27,36,47,34,39,58
114_2780,38,42,46,40,43,48
114_2781,55,65,75,60,68,80
114_2786,8,9,11,8,10,15
114_2795,61,72,93,63,78,102
114_2796,27,32,37,29,32,37
1152,86,90,101,90,93,120
1154,74,81,87,79,85,93
1157,28,30,34,29,32,38
1159,14,16,18,15,17,20
115_2803,15,19,23,16,19,23
115_2806,70,73,83,71,73,83
115_2813,69,75,79,72,76,82
115_2820,57,62,65,60,62,70
115_2825,11,15,16,11,15,16
1162,67,71,84,68,71,84
1164,109,115,126,113,122,132
1167,20,26,29,25,28,50
1169,12,18,21,18,21,26
116_2826,87,98,107,87,96,103
116_2833,175,191,205,187,200,220
116_2835,58,66,72,58,66,70
116_2838,16,18,25,16,18,23
116_2841,91,107,127,102,114,144
116_2843,28,31,35,30,32,37
116_2845,45,49,52,47,50,53
116_2848,46,53,61,47,53,61
1172,17,19,21,19,20,26
1174,34,41,47,39,45,52
1177,38,44,48,40,46,62
117_2851,30,34,37,31,34,37
117_2855,47,55,68,47,50,60
117_2858,17,19,23,17,19,23
117_2861,40,45,51,41,45,54
117_2865,30,38,44,33,40,46
117_2870,54,60,83,55,66,97
117_2871,6,8,10,7,8,12
117_2875,35,39,43,37,40,46
1180,54,59,64,55,59,64
1183,17,21,25,19,22,26
1186,59,65,70,60,65,70
1189,29,31,34,29,31,34
118_2876,57,62,70,57,61,67
118_2878,16,22,27,19,24,29
118_2883,84,99,112,99,112,127
118_2886,27,29,31,29,31,42
118_2891,8,9,11,8,9,10
118_2895,81,91,108,87,102,130
118_2900,89,97,103,89,95,100
1191,20,25,27,25,27,30
1193,87,89,91,89,91,109
1195,43,52,60,52,60,67
1197,47,54,64,50,57,68
1199,28,31,35,31,35,48
119_2901,37,45,51,40,47,55
119_2906,60,64,76,60,64,76
119_2908,16,18,24,17,18,29
119_2911,32,39,43,34,39,43
119_2916,45,55,59,55,59,71
119_2918,49,52,54,50,52,55
119_2920,46,55,60,52,58,64
1202,31,34,36,31,33,36
1204,19,22,33,20,27,37
1207,69,86,94,69,82,92
1209,35,40,49,38,46,57
120_2926,9,12,15,12,15,27
120_2935,49,54,60,53,55,72
120_2936,33,36,47,34,39,52
120_2945,13,15,19,15,16,20
120_2950,19,22,24,21,23,28
1212,9,10,16,10,11,18
1214,65,73,82,67,73,82
1217,26,36,42,32,38,44
1219,45,55,64,47,55,64
121_2953,51,59,67,54,61,71
121_2960,10,13,17,12,15,19
121_2961,45,53,61,51,58,73
121_2965,11,13,15,12,14,17
121_2968,17,22,26,19,23,32
121_2971,11,12,14,12,14,19
1222,43,52,69,44,52,69
1224,43,46,50,43,45,48
1227,48,56,64,48,56,64
122_2977,17,19,24,17,19,24
122_2979,12,19,24,16,20,25
122_2986,62,66,70,65,68,73
122_2993,42,45,52,45,52,65
122_2995,42,46,50,42,45,48
122_2996,55,68,72,62,70,76
1230,32,36,39,34,37,40
1232,33,36,39,35,38,42
1235,39,76,117,76,117,209
1237,46,54,68,52,61,86
123_3001,29,33,36,30,33,36
123_3002,26,33,38,29,34,40
123_3006,44,56,67,46,56,67
123_3008,35,39,42,38,41,45
123_3010,73,78,85,74,78,85
123_3016,32,36,42,36,38,46
123_3020,20,22,25,21,23,26
123_3021,4,5,7,5,6,7
123_3023,41,71,81,65,80,92
1240,22,25,28,23,25,28
1242,33,40,44,38,43,108
1245,47,56,71,54,56,91
1247,243,276,292,267,288,311
124_3027,57,64,75,57,62,68
124_3031,8,9,11,8,9,10
124_3033,22,26,30,22,25,29
124_3035,25,26,28,26,27,33
124_3040,20,23,27,22,24,28
124_3041,63,69,76,66,71,81
124_3048,33,35,37,34,36,39
1250,40,46,52,43,48,54
1252,38,43,49,41,47,57
1254,28,32,45,31,41,47
1257,56,73,86,63,77,92
1259,68,91,119,82,110,141
125_3053,67,70,96,68,70,96
125_3060,22,23,24,23,24,25
125_3065,31,35,40,31,34,38
125_3071,25,26,35,23,25,32
125_3073,54,61,66,57,63,68
1262,38,42,48,42,48,56
1264,47,53,59,50,55,62
1267,30,36,41,31,36,41
1269,72,80,86,76,82,88
126_3080,55,59,68,58,63,75
126_3085,18,24,30,23,28,33
126_3090,91,99,112,92,99,112
126_3093,14,16,20,14,18,21
126_3096,5,6,8,6,7,8
1272,71,74,86,73,77,98
1274,24,28,33,25,28,33
1277,20,23,25,21,24,26
1279,39,42,45,41,44,53
127_3101,96,97,121,97,98,128
127_3108,20,26,32,23,28,36
127_3110,46,53,61,50,55,65
127_3111,56,83,87,78,86,102
127_3116,65,74,82,68,77,86
127_3120,16,19,22,18,20,23
127_3123,34,36,54,36,54,74
1282,23,29,34,26,31,39
1284,33,42,51,35,42,51
1287,20,24,28,21,24,28
1289,60,66,72,65,70,77
128_3126,17,19,22,18,21,24
128_3130,16,19,27,17,24,34
128_3131,84,87,92,86,88,101
128_3135,49,52,56,49,51,54
128_3140,37,53,61,49,59,70
128_3143,52,55,71,55,71,84
128_3146,10,12,15,10,11,14
1292,55,61,70,58,62,73
1294,104,109,113,108,111,115
1297,17,20,26,17,18,25
1299,18,20,23,19,20,25
129_3155,64,83,97,64,75,93
129_3163,16,19,24,17,20,27
129_3166,18,36,37,18,36,37
129_3170,19,25,29,19,23,27
129_3171,15,19,21,17,20,23
129_3173,76,81,96,78,89,120
129_3175,32,38,44,34,38,44
1302,48,60,72,48,60,72
1304,24,28,35,24,26,33
1307,97,108,120,97,104,117
1309,141,147,151,141,145,149
130_3176,18,20,24,18,19,22
130_3181,17,19,22,18,21,26
130_3185,48,56,62,49,56,62
130_3186,12,17,20,13,17,20
130_3191,15,18,20,15,18,20
130_3200,46,51,54,47,51,54
1312,36,40,44,38,42,48
1314,72,76,80,74,77,81
1317,42,44,47,43,45,49
1319,61,66,70,64,68,71
131_3205,48,51,54,51,54,61
131_3210,60,67,115,60,66,83
131_3216,43,52,62,52,62,76
131_3223,28,33,37,28,32,35
131_3225,12,18,26,14,18,26
1322,26,29,31,27,29,32
1324,56,62,68,60,66,74
1327,72,86,108,80,100,130
1329,39,43,45,40,43,45
132_3230,62,67,70,65,69,75
132_3233,6,8,11,7,9,15
132_3235,104,125,149,109,125,149
132_3240,33,37,40,35,38,45
132_3245,8,10,11,9,11,13
132_3246,41,44,48,41,43,46
1332,40,42,48,40,42,50
1334,57,62,78,59,66,84
1337,59,67,81,62,72,85
1339,69,75,78,69,74,76
133_3251,48,59,74,50,59,74
133_3252,19,21,25,20,21,25
133_3254,48,56,64,48,56,64
133_3256,36,40,47,39,43,55
133_3258,16,19,20,19,20,28
133_3261,67,94,115,75,94,115
133_3263,25,42,43,42,43,52
133_3268,18,21,25,21,25,32
133_3275,22,24,27,22,24,27
1342,15,18,20,16,18,20
1344,34,37,40,34,36,39
1347,64,75,87,71,83,98
1349,94,101,106,99,104,110
134_3278,33,35,38,33,35,38
134_3288,6,7,8,7,8,9
134_3291,25,32,36,30,32,36
134_3293,24,28,30,26,28,32
134_3298,38,45,52,40,45,52
1352,45,50,54,48,51,56
1354,55,62,75,59,64,81
1357,77,82,107,78,82,107
1359,25,26,29,26,27,42
135_3301,13,15,17,13,15,17
135_3303,111,116,127,116,127,146
135_3306,98,115,132,106,120,139
135_3310,17,25,32,21,29,35
135_3315,77,80,85,79,82,96
135_3320,54,58,64,54,57,61
135_3321,40,47,56,41,47,56
1362,75,80,83,78,81,84
1364,47,50,56,49,52,58
1367,40,48,90,48,68,122
1369,56,60,66,59,62,69
136_3326,74,80,93,76,80,93
136_3328,48,51,56,48,50,53
136_3330,50,56,62,52,56,62
136_3333,60,64,69,62,66,73
136_3335,71,76,82,75,80,92
136_3343,72,83,101,74,83,101
136_3348,93,108,118,104,114,139
136_3350,57,61,64,60,63,67
1372,47,52,55,47,50,54
1374,14,17,18,15,17,19
1377,42,55,83,45,55,83
1379,57,64,71,62,68,81
137_3353,5,7,10,6,7,12
137_3356,7,8,9,7,8,14
137_3358,41,45,54,44,48,64
137_3366,25,31,35,25,32,36
137_3368,30,33,36,32,35,41
137_3371,64,68,74,65,70,77
137_3373,14,18,20,15,18,20
137_3375,51,56,67,54,64,70
1381,18,20,22,20,22,24
1384,46,56,60,54,59,75
1387,124,134,140,127,134,140
1389,38,56,63,53,61,69
138_3376,30,32,36,32,35,38
138_3381,69,72,75,70,72,75
138_3383,8,10,12,9,11,13
138_3385,13,15,17,13,15,17
138_3390,35,42,46,37,42,46
138_3400,20,23,25,21,23,25
1392,66,68,76,66,68,76
1394,33,41,48,36,41,48
1397,217,261,320,236,277,351
1399,83,89,99,85,91,104
139_3401,34,41,43,37,41,47
139_3406,69,73,76,71,74,78
139_3408,18,22,26,19,22,26
139_3423,67,75,80,71,77,83
139_3425,14,17,20,15,18,21
1402,7,8,11,8,11,14
1404,27,29,31,29,31,35
1407,18,24,27,21,25,29
1409,26,28,30,26,28,30
140_3426,11,26,31,18,28,34
140_3435,35,37,42,35,37,39
140_3441,59,69,87,63,79,117
140_3443,19,20,22,20,21,25
140_3445,15,17,19,15,17,18
1412,77,90,97,81,90,97
1414,47,58,66,53,61,68
1417,16,24,29,22,27,33
1419,41,54,60,54,60,73
141_3451,62,65,70,63,66,73
141_3453,10,12,15,11,12,18
141_3455,35,39,43,35,38,42
141_3460,7,8,9,8,9,15
141_3461,26,30,34,27,30,34
141_3470,47,51,53,49,51,55
141_3471,20,22,25,21,24,30
141_3475,38,43,46,40,44,48
1422,25,27,29,26,28,31
1424,10,11,12,11,12,13
1427,43,53,60,48,55,62
1429,51,56,60,52,56,60
142_3476,21,24,26,23,25,29
142_3481,66,80,88,71,84,91
142_3490,40,46,51,41,46,51
142_3493,21,24,30,16,21,28
142_3498,75,106,120,106,120,125
1432,71,74,79,71,74,75
1434,30,31,41,30,34,45
1437,42,45,50,43,46,53
1439,17,19,21,18,20,22
143_3501,23,28,33,24,28,33
143_3505,54,59,69,58,65,78
143_3506,94,109,125,102,113,135
143_3513,11,13,25,12,13,25
143_3515,71,72,84,72,74,92
143_3518,16,19,32,17,22,36
143_3523,64,67,71,65,67,71
1442,21,25,27,24,26,29
1444,14,16,21,14,16,21
1447,34,47,56,41,50,61
1449,70,82,106,70,77,96
144_3526,30,39,51,39,51,57
144_3528,10,13,15,12,14,18
144_3531,65,69,72,69,72,89
144_3540,49,55,60,49,53,58
144_3543,35,43,48,41,46,54
144_3546,8,10,12,9,11,13
144_3548,10,11,13,10,12,14
1452,39,47,57,39,45,53
1454,26,30,34,28,31,37
1457,54,58,62,57,60,66
1459,65,69,71,67,70,72
145_3551,14,16,18,16,18,24
145_3556,7,13,20,8,16,22
145_3560,49,63,72,59,69,78
145_3565,19,23,29,21,24,32
145_3568,14,18,22,16,19,24
145_3575,29,32,36,31,35,42
1462,44,48,52,46,50,54
1464,35,37,40,36,37,40
1467,9,12,15,12,15,20
1469,11,13,14,13,14,16
146_3578,6,7,11,7,9,16
146_3580,40,44,48,42,44,48
146_3581,59,63,66,62,65,70
146_3583,76,79,84,76,78,81
146_3585,68,77,88,75,83,105
146_3588,36,38,41,38,40,48
146_3590,19,30,48,20,30,48
146_3596,85,105,121,91,105,121
1472,21,29,51,24,32,72
1474,55,61,72,61,72,87
1477,49,60,67,51,60,67
1479,43,49,59,46,52,63
147_3601,40,43,50,43,50,60
147_3602,42,51,60,42,51,60
147_3604,12,16,18,12,14,18
147_3608,12,13,15,13,14,18
147_3610,14,20,28,19,25,38
147_3613,65,70,72,69,72,94
147_3616,54,57,58,56,58,61
147_3620,18,20,21,19,20,23
147_3625,43,48,51,45,49,53
1482,69,72,73,71,73,85
1484,56,63,69,63,69,88
1487,44,56,64,44,52,62
1489,26,32,35,32,35,41
148_3628,13,15,17,15,17,22
148_3631,110,115,123,111,115,123
148_3635,12,13,14,12,13,14
148_3643,8,11,14,9,12,16
148_3645,35,39,41,37,39,42
1492,53,58,63,54,58,63
1494,18,25,33,21,27,38
1497,64,69,73,67,70,79
1499,31,33,35,31,32,34
149_3651,57,59,65,57,58,62
149_3653,15,19,24,16,20,27
149_3661,22,24,25,23,24,26
149_3665,11,12,14,11,12,14
149_3668,24,27,29,25,27,30
149_3671,14,15,18,14,15,17
149_3673,66,74,80,71,78,86
1502,17,18,21,18,20,26
1504,42,50,54,44,50,54
1507,35,38,50,36,38,50
1509,14,16,18,16,17,40
150_3676,34,38,43,36,39,46
150_3680,13,15,18,15,18,24
150_3681,68,71,75,70,71,86
150_3683,11,12,13,11,12,14
150_3688,31,37,42,33,37,42
150_3690,26,28,30,26,28,30
150_3695,41,44,48,44,47,51
150_3700,45,50,58,46,50,58
1512,11,13,17,11,13,17
1514,30,33,47,32,34,49
1517,45,53,64,46,53,64
1519,60,67,74,60,65,69
151_3701,42,48,53,42,47,51
151_3705,46,51,54,47,51,54
151_3706,44,50,59,44,48,55
151_3710,19,22,25,21,23,28
151_3713,17,21,25,18,21,25
151_3721,19,25,27,25,27,30
151_3725,34,41,51,34,39,44
1522,24,30,34,27,32,36
1524,10,16,23,13,17,25
1527,31,36,42,36,42,51
1529,71,86,92,72,89,94
152_3730,31,35,39,34,38,44
152_3731,28,30,54,30,48,64
152_3733,37,41,44,38,41,44
152_3738,46,51,56,46,50,55
152_3745,60,85,96,85,96,131
152_3746,16,18,21,17,18,24
1532,22,25,27,22,25,27
1534,12,15,18,12,14,17
1537,8,13,16,10,15,20
1539,96,112,133,102,117,145
153_3753,46,48,53,48,51,57
153_3756,14,19,26,14,17,23
153_3758,18,22,28,20,25,33
153_3760,64,73,77,73,77,96
153_3761,34,38,43,37,41,49
153_3765,18,24,29,20,24,29
153_3773,40,46,52,40,44,50
153_3775,25,31,44,26,31,44
1542,61,69,76,69,76,86
1544,40,51,66,46,53,80
1547,38,41,44,41,44,48
1549,34,50,54,42,50,56
154_3778,69,74,78,73,77,81
154_3781,46,51,55,50,54,58
154_3790,11,14,16,12,14,17
154_3795,52,66,96,52,61,82
154_3796,34,37,46,36,37,50
1552,89,103,118,99,112,135
1554,52,71,78,66,77,100
1557,46,52,71,47,59,77
1559,9,12,14,12,14,19
155_3801,63,69,72,65,69,72
155_3806,22,25,28,22,25,28
155_3808,58,64,68,62,66,68
155_3811,62,65,68,65,66,71
155_3815,38,39,45,39,42,52
155_3820,20,26,30,24,27,31
1562,79,85,96,85,96,111
1564,72,81,87,77,83,89
1567,44,51,60,48,54,66
1569,28,34,40,31,36,42
156_3826,37,41,47,37,40,44
156_3828,29,32,34,31,34,38
156_3830,15,17,19,16,17,21
156_3831,30,35,36,33,35,37
156_3838,54,58,62,56,60,68
156_3841,11,16,21,12,16,21
156_3843,26,30,34,29,33,37
156_3845,32,35,38,33,35,38
1572,27,30,32,29,31,33
1574,22,25,29,23,25,29
1577,26,27,41,27,31,45
1579,61,69,74,69,74,80
157_3851,30,37,46,34,43,54
157_3855,88,110,118,110,118,153
157_3858,19,21,23,20,22,25
157_3863,25,27,28,26,28,29
157_3866,44,49,52,46,50,54
157_3868,49,53,67,49,52,62
157_3873,14,19,20,14,19,21
1582,29,34,37,30,34,37
1584,66,69,80,69,80,117
1587,19,21,23,20,21,23
1589,53,62,68,57,62,68
158_3876,43,47,61,45,50,65
158_3883,27,28,31,28,30,34
158_3886,53,56,65,53,55,62
158_3890,28,31,34,31,34,39
158_3893,39,44,50,39,43,48
158_3896,25,26,31,26,31,36
158_3900,6,7,9,6,7,9
1592,25,29,32,27,30,33
1594,71,82,93,79,89,103
1597,115,130,137,124,132,150
1599,67,74,82,67,73,79
159_3901,32,38,42,35,40,43
159_3903,25,27,30,26,27,30
159_3906,65,75,84,75,84,105
159_3911,19,24,26,20,24,26
159_3915,16,23,28,18,23,28
159_3918,47,52,66,50,57,71
159_3921,12,14,17,12,14,17
1602,65,72,87,65,69,83
1604,13,15,17,15,16,19
1607,51,56,66,52,56,66
1609,35,39,42,37,39,44
160_3931,18,19,26,18,19,26
160_3935,60,66,68,64,68,69
160_3938,43,46,50,43,45,48
160_3945,9,16,22,15,21,32
160_3948,33,35,36,34,35,38
1612,40,42,44,42,44,50
1614,21,23,24,22,23,24
1617,77,94,103,90,100,109
1619,61,65,70,63,66,76
161_3951,27,31,34,29,32,35
161_3953,23,30,43,25,30,43
161_3963,38,41,43,40,42,47
161_3966,8,14,19,14,19,26
161_3968,54,59,65,55,59,65
161_3975,33,41,45,40,43,50
1622,43,47,50,44,47,50
1624,18,29,42,23,32,48
1627,34,39,43,36,40,45
1629,55,69,80,65,75,92
162_3976,71,99,127,71,89,117
162_3981,18,28,33,26,31,37
162_3991,9,10,11,9,10,12
162_3995,23,26,30,24,27,31
162_3996,37,40,46,38,40,46
162_3998,26,29,33,29,33,49
1632,31,44,51,41,48,56
1634,52,54,60,54,56,64
1637,11,12,13,12,13,14
1639,24,28,31,26,29,36
163_4001,58,68,81,65,76,91
163_4006,24,27,31,24,27,31
163_4008,69,73,97,71,77,107
163_4018,35,42,53,39,46,59
163_4021,28,32,38,28,32,38
163_4023,68,77,90,71,81,96
163_4025,39,41,49,40,42,55
163_4026,24,26,27,25,27,41
163_4030,27,33,40,29,35,44
1642,70,74,92,72,76,100
1644,44,48,52,46,49,54
1647,52,63,73,58,65,81
1649,7,35,54,27,49,63
164_4031,22,25,31,23,25,31
164_4036,48,51,59,49,53,63
164_4041,32,36,38,34,36,40
164_4045,22,25,28,22,24,27
164_4055,31,36,41,35,39,45
164_4056,63,71,78,67,74,82
164_4060,31,35,40,33,36,40
1652,20,22,30,20,22,27
1654,20,27,33,24,29,35
1657,13,19,26,17,23,37
1659,29,34,38,33,36,40
165_4066,52,55,58,55,58,70
165_4070,16,18,20,17,19,22
165_4071,22,23,29,23,29,41
165_4078,23,27,32,25,28,34
165_4081,30,35,40,34,38,43
165_4085,45,49,52,49,52,75
165_4086,18,21,22,19,21,27
165_4090,37,40,41,39,41,43
1662,26,31,42,31,40,44
1664,9,17,23,15,19,24
1667,14,16,24,14,16,24
1669,36,41,45,37,41,45
166_4091,107,109,110,108,110,126
166_4093,10,12,14,11,13,16
166_4096,59,69,76,66,73,84
166_4098,82,84,94,82,84,94
166_4106,31,39,55,32,39,55
166_4108,34,42,52,34,50,54
166_4113,10,13,18,10,12,17
166_4116,17,21,29,19,23,37
166_4120,12,13,14,12,13,15
1672,37,67,79,59,70,86
1674,9,12,16,10,12,16
1677,26,30,34,28,31,36
1679,14,16,17,16,17,18
167_4125,58,62,70,59,62,70
167_4131,12,15,23,12,14,21
167_4135,43,48,52,46,48,55
167_4136,34,37,45,36,41,53
167_4140,58,66,71,60,66,71
167_4143,87,95,105,91,98,111
167_4145,55,58,66,56,58,74
167_4148,8,11,12,10,12,14
167_4150,46,52,56,47,52,56
1682,42,48,60,44,48,60
1684,29,32,35,30,32,35
1687,28,42,52,34,46,62
1689,37,41,43,38,41,43
168_4151,86,89,102,86,88,97
168_4160,20,24,28,21,25,30
168_4161,46,57,80,46,52,70
168_4165,32,36,39,36,38,43
168_4170,45,49,56,47,51,58
168_4175,56,65,74,61,68,78
168_4176,82,85,87,82,84,87
168_4180,9,12,15,12,14,18
1692,12,14,16,14,15,17
1694,105,142,155,120,142,155
1697,57,78,95,73,82,102
1699,22,28,32,24,30,34
169_4181,61,66,75,62,66,75
169_4185,139,147,182,141,153,200
169_4186,15,21,25,16,22,27
169_4190,26,30,33,28,30,35
169_4195,19,21,26,19,20,25
169_4200,14,17,20,14,16,18
169_4208,41,48,53,48,53,67
1702,113,124,133,122,130,139
1704,55,62,72,60,64,76
1707,27,30,35,28,32,37
1709,19,21,25,19,21,24
1712,24,30,34,24,30,32
1714,61,68,78,63,72,81
1717,7,8,9,6,7,8
1719,63,71,89,65,75,97
1722,61,73,86,67,77,92
1724,31,42,54,38,49,69
1727,8,10,14,9,12,17
1729,36,40,42,38,40,42
1732,10,11,13,11,12,14
1734,64,72,80,66,72,80
1737,37,39,43,39,43,51
1739,22,30,39,24,30,39
1742,11,15,20,12,15,20
1744,71,77,89,76,85,96
1747,24,34,42,26,37,45
1749,16,24,30,18,25,32
1752,40,42,44,40,42,44
1754,17,31,33,31,33,37
1757,25,29,34,27,30,37
1759,47,51,60,47,51,60
1762,17,21,25,18,22,27
1764,18,21,25,20,22,29
1767,42,46,50,46,50,58
1769,66,78,84,74,80,87
1772,97,106,112,97,103,110
1774,14,21,24,15,21,24
1777,42,44,45,44,45,47
1779,10,12,13,11,12,13
1782,16,24,30,22,26,34
1784,26,27,28,25,26,28
1787,60,67,71,62,67,71
1789,30,32,50,31,32,50
1792,15,16,22,16,19,24
1794,37,45,49,40,47,51
1797,15,18,21,17,19,23
1799,22,25,26,22,24,26
1802,63,75,88,66,75,88
1804,51,55,57,54,56,60
1807,11,13,14,13,14,17
1809,15,18,20,16,19,21
1812,16,18,36,16,18,36
1814,27,31,36,28,31,36
1817,57,69,84,63,73,94
1819,19,21,23,21,23,27
1822,56,60,63,57,60,63
1824,13,15,18,15,18,23
1827,48,52,56,49,52,56
1829,21,24,30,22,24,30
1832,52,58,80,58,80,113
1834,30,34,38,30,33,36
1837,15,17,18,16,17,20
1839,118,131,144,124,135,150
1842,3,7,9,3,6,8
1844,34,36,48,34,36,48
1847,33,37,40,33,36,39
1849,34,50,64,42,54,70
1852,16,18,22,16,17,21
1854,91,113,123,109,120,129
1857,13,15,17,15,17,23
1859,24,27,29,25,27,30
1862,53,61,66,55,61,66
1864,30,36,40,34,38,44
1867,28,31,35,31,35,47
1869,52,71,84,52,65,80
1872,27,31,34,27,30,33
1874,30,35,40,30,34,38
1877,52,66,76,59,75,80
1879,37,43,46,43,46,50
1882,56,65,71,56,63,69
1884,26,30,33,26,29,32
1887,31,36,41,31,35,39
1889,45,51,59,48,53,65
1892,22,28,43,24,37,47
1894,49,52,56,49,53,62
1897,62,68,73,65,70,80
1899,46,58,61,51,58,61
1902,53,55,68,53,55,68
1904,21,23,26,22,24,33
1907,71,84,95,77,88,100
1909,60,70,80,64,72,86
1912,34,41,46,37,43,51
1914,44,50,58,45,50,58
1917,12,17,20,12,16,18
1919,26,32,36,29,33,39
1922,34,41,47,38,43,48
1924,16,20,24,17,20,24
1927,44,50,55,47,52,61
1929,17,22,25,21,23,26
1932,53,54,55,53,54,59
1934,38,45,58,40,51,60
1937,19,24,29,24,29,36
1939,22,26,31,22,24,29
1942,34,38,44,34,40,50
1944,14,18,22,15,18,22
1947,62,71,79,65,71,79
1949,46,51,58,48,52,64
1952,31,38,56,33,38,56
1954,21,23,28,21,23,28
1957,21,24,27,23,25,28
1959,37,51,66,43,56,73
1962,12,14,16,14,16,19
1964,22,23,24,23,24,26
1967,70,80,91,80,91,101
1969,70,73,76,71,73,76
1972,34,40,49,34,38,45
1974,12,15,18,12,14,17
1977,8,9,13,9,10,15
1979,7,8,9,8,9,10
1982,55,67,76,61,70,80
1984,15,18,20,16,18,20
1987,18,20,22,20,22,36
1989,53,62,72,57,62,72
1992,76,85,92,78,85,92
1994,48,57,67,54,65,74
1997,75,86,96,84,91,115
1999,32,38,42,34,38,42
2003,5,8,10,5,7,9
2005,8,9,14,8,9,12
2007,10,15,20,12,17,26
2009,70,85,113,75,92,126
2012,12,15,17,12,14,16
2014,11,13,16,13,16,21
2017,21,23,24,21,23,24
2019,64,70,97,70,97,119
2022,26,37,50,31,41,56
2024,93,117,145,100,117,145
2027,48,62,70,54,64,74
2029,19,22,24,20,23,25
2032,19,25,41,20,25,41
2034,44,51,57,48,53,59
2037,18,27,31,20,27,35
2039,34,45,54,34,45,54
2042,68,95,113,95,113,154
2044,17,20,27,17,22,28
2047,22,24,26,22,24,26
2049,85,88,99,87,92,117
2053,27,33,39,31,37,46
2055,35,39,43,36,39,43
2057,56,60,68,56,62,76
2059,25,31,34,25,26,33
2062,79,92,103,85,95,107
2064,20,25,30,23,27,32
2067,73,102,131,76,102,131
2069,7,11,16,7,9,14
2072,64,75,88,65,75,88
2074,30,35,40,32,37,43
2077,52,61,75,56,65,85
2079,51,56,60,52,56,60
2082,31,45,51,42,49,61
2084,22,25,27,25,27,37
2087,44,48,54,44,48,54
2089,92,97,100,96,99,109
2092,17,18,19,18,19,21
2094,73,84,96,78,88,101
2097,42,44,46,42,46,50
2099,43,50,60,45,57,67
2102,48,51,54,51,54,79
2104,5,6,8,5,7,8
2107,28,38,44,30,38,44
2109,40,44,48,41,44,48
2112,24,26,29,24,27,31
2114,13,17,21,13,16,20
2117,89,104,110,101,109,137
2119,31,34,37,32,34,37
2122,19,22,26,19,22,26
2124,19,24,30,22,26,33
2127,87,101,107,95,104,118
2129,38,47,51,42,47,51
2132,12,14,17,13,14,17
2134,44,46,50,46,48,50
2137,109,137,170,114,137,170
2139,46,50,54,48,51,57
2142,23,25,29,24,27,31
2144,44,50,56,48,54,64
2147,50,54,75,54,66,95
2149,23,27,30,25,28,31
2152,22,27,31,22,27,31
2154,11,14,16,12,14,16
2157,67,76,83,71,78,87
2159,63,84,95,81,87,101
2162,34,40,48,34,40,48
2164,62,67,87,64,71,91
2167,17,20,26,20,23,36
2169,57,68,76,59,68,76
2172,63,74,89,74,89,100
2174,6,22,30,6,24,34
2177,58,68,74,68,74,88
2179,74,96,119,74,85,111
2182,44,68,82,46,68,82
2184,71,73,88,73,88,101
2187,76,80,86,80,86,107
2189,11,15,19,14,18,25
2192,44,49,54,46,50,56
2194,27,31,37,29,33,41
2197,14,15,17,15,16,18
2199,37,44,49,42,47,54
2202,10,28,66,28,30,74
2204,13,17,21,14,17,21
2207,25,35,40,25,35,38
2209,24,31,39,24,26,37
2212,59,71,80,66,74,83
2214,31,34,36,34,36,42
2217,16,19,21,17,19,22
2219,22,27,32,24,28,34
2222,41,52,65,41,49,60
2224,62,65,72,63,66,79
2227,50,56,66,56,66,86
2229,7,8,10,8,9,11
2232,29,33,36,30,33,36
2234,36,39,48,36,39,48
2237,94,106,153,102,115,172
2239,45,49,57,46,49,57
2242,70,88,103,73,93,107
2244,19,20,26,19,20,26
2247,15,20,26,15,20,26
2249,27,29,38,27,28,32
2252,18,22,26,20,24,30
2254,102,109,117,108,112,139
2257,12,13,16,12,13,16
2259,14,18,25,17,22,33
2262,15,18,21,16,19,23
2264,13,15,17,14,16,21
2267,28,37,46,37,46,67
2269,40,49,55,46,53,61
2272,37,45,50,43,48,53
2274,42,52,64,42,48,60
2277,17,21,25,19,23,27
2279,24,34,45,24,31,40
2282,40,43,47,42,45,53
2284,69,78,106,70,86,119
2287,38,44,48,40,48,54
2289,38,43,45,41,43,47
2292,21,25,31,21,25,33
2294,64,71,75,71,75,93
2297,64,69,74,67,71,76
2299,44,52,62,52,58,72
2302,36,42,48,38,42,52
2304,23,27,31,23,26,29
2307,20,26,33,22,26,33
2309,27,31,36,27,30,34
2312,33,41,53,33,38,49
2314,55,62,70,57,62,70
2317,54,64,70,64,70,88
2319,65,80,92,71,84,98
2322,5,8,11,6,9,13
2324,49,62,70,55,65,77
2327,43,51,57,50,55,61
2329,16,23,27,17,23,27
2332,31,32,48,31,32,42
2334,36,38,49,36,38,39
2337,35,41,49,36,41,49
2339,12,14,16,13,14,16
2342,75,86,96,77,86,96
2344,49,61,72,52,61,72
2347,23,25,26,24,26,27
2349,66,93,124,72,93,124
2352,55,69,84,57,75,88
2354,12,15,18,13,17,21
2357,12,14,16,13,15,19
2359,12,13,17,12,13,17
2362,14,15,17,14,15,16
2364,21,29,35,27,31,37
2367,31,35,45,32,39,48
2369,40,42,46,40,42,46
2372,33,39,44,35,39,44
2374,38,40,45,38,42,45
2377,26,36,40,30,36,42
2379,26,29,32,28,31,38
2382,38,42,48,38,42,48
2384,46,52,59,46,50,56
2387,75,93,106,80,93,106
2389,37,43,49,38,43,49
2392,68,72,75,69,72,75
2394,30,34,42,33,38,45
2397,19,21,23,20,22,24
2399,34,44,49,44,49,55
2402,40,52,62,48,54,70
2404,27,33,39,33,39,49
2407,42,47,51,46,49,55
2409,68,78,86,73,81,90
2412,75,86,119,75,99,129
2414,64,76,88,69,79,94
2417,34,48,55,42,50,57
2419,41,48,52,46,51,57
2422,21,23,25,21,23,25
2424,34,37,41,36,38,45
2427,10,11,12,11,12,14
2429,32,37,49,37,49,57
2432,48,54,62,49,54,62
2434,25,28,30,25,27,30
2437,37,40,43,38,41,45
2439,50,53,91,52,79,102
2442,65,78,84,72,80,87
2444,16,22,32,18,25,35
2447,12,16,20,14,17,23
2449,21,28,30,23,29,31
2452,45,57,60,51,57,60
2454,15,17,23,15,17,23
2457,29,32,39,29,32,39
2459,30,41,49,35,44,56
2462,26,31,33,29,31,34
2464,10,15,19,15,19,24
2467,65,76,89,65,73,82
2469,76,81,86,81,86,95
2472,51,56,61,54,58,64
2474,82,102,123,102,123,160
2477,70,80,92,76,82,96
2479,31,35,39,34,38,43
2482,110,134,146,118,140,146
2484,14,20,25,18,24,28
2487,70,77,90,70,80,95
2489,40,44,46,42,44,46
2492,39,44,51,42,48,60
2494,105,114,123,107,114,123
2497,61,69,75,61,67,73
2499,14,16,22,15,18,24
2502,36,42,49,36,42,49
2504,72,78,82,74,78,82
2507,37,46,54,46,54,71
2509,47,55,64,51,57,69
2512,15,16,18,15,16,18
2514,87,104,122,101,114,134
2517,31,38,45,32,38,45
2519,29,34,42,31,38,57
2522,42,57,63,49,60,64
2524,74,81,87,75,81,87
2527,73,86,101,76,86,101
2529,40,45,50,44,48,57
2532,26,31,35,29,33,36
2534,18,22,25,21,24,28
2537,6,8,10,7,8,12
2539,44,51,58,45,51,58
2542,24,29,34,28,32,37
2544,13,16,20,13,16,20
2547,29,31,37,31,33,46
2549,21,23,25,23,24,27
2552,46,55,66,50,58,72
2554,7,9,11,9,10,14
2557,19,44,57,19,50,63
2559,31,35,39,31,34,37
2562,21,24,31,21,26,34
2564,17,18,21,17,18,20
2567,37,40,45,39,41,49
2569,72,82,92,77,85,98
2572,61,65,68,62,65,68
2574,34,45,57,39,48,63
2577,13,17,21,15,18,23
2579,16,18,20,17,19,22
2582,40,43,46,42,44,47
2584,39,46,51,43,48,55
2587,41,49,57,42,49,57
2589,92,97,106,93,97,106
2592,65,69,77,67,71,85
2594,11,15,19,12,15,19
2597,23,30,38,25,30,38
2599,20,22,25,20,22,24
2602,58,64,84,60,66,94
2604,33,37,47,37,44,54
2607,51,61,69,61,69,83
2609,80,91,102,81,91,102
2612,52,61,66,55,61,66
2614,29,31,33,30,31,42
2617,70,81,84,78,82,86
2619,20,26,29,23,27,30
2622,13,14,18,13,14,18
2624,47,52,60,48,52,60
2627,65,72,79,65,69,76
2629,45,59,75,49,59,75
2632,22,25,28,22,25,27
2634,60,64,71,62,64,75
2637,3,4,5,3,4,5
2639,11,15,19,13,16,20
2642,58,66,72,60,66,72
2644,33,37,42,35,38,44
2647,16,32,55,23,37,73
2649,10,12,14,10,14,16
2652,87,90,95,88,90,95
2654,25,27,33,26,27,33
2657,28,34,40,30,35,42
2659,59,65,68,65,68,72
2662,47,54,61,47,52,57
2664,61,64,73,63,64,84
2667,18,23,26,21,25,28
2669,10,13,17,11,13,17
2672,17,20,23,18,21,25
2674,29,45,68,41,58,102
2677,24,31,44,24,31,44
2679,79,82,87,80,82,87
2682,18,22,27,21,25,33
2684,4,5,7,5,7,11
2687,16,19,21,16,18,20
2689,28,32,37,29,32,37
2692,7,9,11,8,10,12
2694,11,14,17,13,16,18
2697,21,23,24,22,24,25
2702,42,52,54,44,52,54
2704,10,16,26,14,22,31
2707,9,10,13,10,11,16
2709,27,32,37,30,34,38
2712,43,45,48,44,46,49
2714,11,14,16,13,15,18
2717,63,67,74,63,66,71
2719,13,14,17,13,14,16
2722,5,7,12,7,12,18
2724,25,28,30,25,28,30
2727,70,76,80,70,76,80
2729,78,84,91,81,87,94
2732,101,108,123,106,109,129
2734,24,35,52,32,43,69
2737,57,68,75,57,65,72
2739,48,52,74,51,57,94
2742,28,40,47,35,42,50
2744,57,60,97,58,60,97
2747,61,74,97,62,74,97
2749,83,90,97,86,92,101
2752,26,30,33,28,31,34
2754,36,42,50,36,40,46
2757,37,42,45,37,42,52
2759,26,31,35,28,32,37
2762,61,74,81,63,74,81
2764,23,29,35,29,35,45
2767,63,74,84,69,77,88
2769,36,45,53,36,42,50
2772,78,98,110,79,98,110
2774,12,16,18,13,16,18
2777,85,89,101,88,90,125
2779,33,47,57,40,51,60
2782,32,38,42,34,38,42
2784,46,57,67,49,57,67
2787,4,5,13,4,5,13
2789,15,16,19,15,16,19
2792,41,46,52,41,45,49
2794,61,68,78,61,66,74
2797,53,63,69,56,66,72
2799,81,94,105,91,100,116
2802,25,27,30,27,30,38
2804,32,35,46,35,42,52
2807,78,97,113,78,93,107
2809,40,48,57,40,46,53
2812,28,37,47,33,40,53
2814,65,69,79,68,72,93
2817,42,51,59,51,59,70
2819,16,21,26,21,26,32
2822,20,23,25,21,23,30
2824,28,34,46,30,39,49
2827,84,90,96,88,92,100
2829,12,14,16,13,15,18
2832,55,68,89,55,64,79
2834,35,37,38,36,37,39
2837,42,48,56,44,50,60
2839,40,47,54,40,44,53
2842,91,110,128,100,117,138
2844,69,83,94,79,90,104
2847,65,72,84,65,71,78
2849,15,17,22,16,17,31
2852,62,64,82,63,65,94
2854,71,84,98,78,88,102
2857,9,12,14,11,13,17
2859,25,30,38,25,29,35
2862,45,46,57,45,46,67
2864,26,29,31,29,31,39
2867,34,42,60,34,38,54
2869,53,78,90,67,82,94
2872,31,35,39,32,35,39
2874,45,49,54,47,50,57
2877,38,46,56,42,48,59
2879,36,46,55,46,55,70
2882,22,27,31,27,31,37
2884,45,48,52,46,48,52
2887,55,62,70,61,67,76
2889,35,38,42,36,39,45
2892,86,91,95,89,92,100
2894,26,28,36,26,28,33
2897,26,27,28,27,28,31
2899,22,24,27,24,25,29
2902,54,72,85,62,76,90
2904,53,62,71,57,65,73
2907,35,39,44,35,39,44
2909,63,70,77,70,77,85
2912,19,23,27,20,23,27
2914,34,39,42,38,42,44
2917,36,41,46,37,41,46
2919,71,86,119,72,86,119
2922,17,19,23,19,22,27
2924,29,34,36,31,34,37
2927,126,149,164,138,154,170
2929,41,49,56,49,56,71
2932,73,90,107,75,90,107
2934,12,14,18,12,14,18
2937,18,22,27,22,23,31
2939,14,16,19,15,18,19
2942,28,36,45,34,41,54
2944,71,80,100,72,86,110
2947,26,29,30,29,30,34
2949,7,10,14,9,12,15
2952,103,129,169,121,147,179
2954,48,70,78,50,70,78
2957,14,19,22,19,22,28
2959,47,53,57,52,56,61
2962,76,87,101,84,96,109
2964,37,42,47,41,45,53
2967,18,21,24,20,23,29
2969,53,57,60,56,59,63
2972,17,35,43,30,37,48
2974,65,84,109,73,91,120
2978,18,26,28,23,27,30
2980,34,36,38,36,38,44
2982,54,66,75,61,69,79
2984,9,11,15,11,13,20
2987,35,41,46,39,44,52
2989,61,63,71,63,67,89
2992,10,13,16,10,15,17
2994,30,35,38,33,36,39
2997,34,39,42,36,39,42
2999,19,22,26,19,22,25
3003,24,26,30,26,28,34
3005,94,123,131,105,123,131
3007,84,100,111,92,104,116
3009,16,18,21,16,18,21
3012,8,10,12,9,11,14
3014,52,59,81,52,56,72
3017,18,23,31,18,21,28
3019,64,70,77,64,68,74
3022,60,65,69,63,67,84
3024,68,77,87,70,77,87
3028,18,21,25,19,22,26
3030,23,26,29,24,26,29
3032,10,14,20,11,17,26
3034,98,106,112,102,108,114
3037,41,44,48,43,45,49
3039,10,13,16,13,16,20
3042,70,82,96,74,86,100
3044,61,69,76,69,76,90
3047,13,15,20,14,18,23
3049,66,80,109,68,80,109
3052,35,38,43,35,37,40
3054,68,80,90,74,83,93
3057,16,19,27,17,21,35
3059,25,35,47,27,35,47
3062,59,60,70,60,62,75
3064,64,72,85,64,72,85
3067,44,51,57,46,51,57
3069,47,53,59,50,55,62
3072,50,60,70,52,60,70
3074,153,199,210,170,206,242
3077,27,34,42,29,34,42
3079,33,39,47,36,41,52
3082,43,54,63,49,58,66
3084,16,19,23,17,20,24
3087,11,15,20,11,13,18
3089,42,54,66,44,54,66
3092,25,28,30,27,28,30
3094,17,20,21,18,20,21
3097,38,46,59,46,59,77
3099,48,53,56,49,53,56
3102,28,35,40,29,35,40
3104,74,86,118,74,84,104
3107,101,110,121,104,110,121
3109,25,34,40,26,36,41
3112,62,70,77,66,71,87
3114,19,24,28,21,24,28
3117,6,12,19,6,12,19
3119,39,43,54,40,43,54
3122,43,48,54,47,52,60
3124,82,101,124,90,106,134
3127,51,62,74,54,62,74
3129,31,33,34,32,33,35
3132,74,80,106,74,80,106
3134,10,12,16,11,13,20
3137,53,58,63,58,63,73
3139,66,72,90,68,76,96
3142,7,9,14,8,10,17
3144,33,37,42,34,37,42
3147,38,44,50,42,46,54
3149,53,73,86,69,81,99
3152,37,40,44,38,41,46
3154,35,42,50,37,42,50
3157,73,91,114,84,107,128
3159,17,22,26,21,25,29
3162,11,13,17,12,16,19
3164,194,225,263,218,248,314
3167,12,13,19,12,14,20
3169,22,25,27,23,26,31
3172,41,42,44,41,43,45
3174,42,43,44,42,43,47
3177,25,28,35,27,32,40
3179,27,29,30,27,29,30
3182,70,78,89,72,78,89
3184,17,19,20,18,19,21
3187,21,22,32,21,22,32
3189,35,41,45,38,42,46
3192,44,52,59,47,54,65
3194,52,62,75,54,66,81
3197,45,48,50,47,50,53
3199,80,98,110,88,100,116
3202,60,65,70,60,64,68
3204,23,28,32,25,31,35
3207,24,31,37,30,35,41
3209,68,77,94,77,94,116
3212,9,11,20,10,12,22
3214,30,44,54,34,50,54
3217,27,30,38,30,32,40
3219,49,53,57,50,53,57
3222,35,38,40,36,38,42
3224,47,51,57,50,54,61
3227,46,56,68,46,55,61
3229,90,100,112,92,102,118
3232,92,97,106,94,98,115
3234,17,21,22,19,21,30
3237,60,64,67,60,63,66
3239,46,51,54,47,51,54
3242,15,18,21,17,19,22
3244,25,29,32,28,31,35
3247,25,29,33,26,29,33
3249,57,67,80,57,65,74
3253,70,93,105,88,102,112
3255,22,26,29,24,27,30
3257,34,43,53,39,46,59
3259,29,34,38,32,36,39
3262,53,56,59,55,58,63
3264,54,60,65,54,58,63
3267,18,21,24,19,22,27
3269,72,78,105,72,76,93
3272,14,16,23,14,16,23
3274,67,75,81,67,73,75
3277,26,30,35,28,31,37
3279,11,14,16,12,14,17
3282,26,32,37,26,30,35
3284,48,58,85,48,53,68
3287,48,54,62,52,54,62
3289,60,68,73,65,70,75
3292,24,35,43,33,41,50
3294,69,77,86,73,80,90
3297,55,61,63,55,60,63
3299,17,19,20,18,19,21
3302,56,63,66,59,64,66
3304,21,27,31,24,28,32
3307,23,26,27,25,26,29
3309,37,44,49,40,46,52
3312,24,28,35,28,35,52
3314,85,97,107,88,97,107
3317,76,88,103,79,88,103
3319,26,34,43,34,43,53
3322,65,66,80,66,80,94
3324,54,58,67,55,58,67
3327,132,139,149,132,138,145
3329,70,76,82,70,76,82
3332,67,79,94,73,84,101
3334,44,47,61,45,47,61
3337,73,87,106,76,87,106
3339,114,120,141,114,120,141
3342,70,75,80,74,78,93
3344,138,158,179,152,172,210
3347,186,194,216,187,194,216
3349,102,118,133,114,129,141
3352,55,61,66,57,61,66
3354,26,29,32,28,30,34
3357,64,100,112,68,100,112
3359,21,26,29,24,27,30
3362,55,61,67,61,67,73
3364,46,49,68,46,48,60
3367,20,23,28,22,24,31
3369,13,20,21,15,20,22
3372,53,61,71,57,64,77
3374,43,51,56,47,53,57
3377,30,37,41,32,37,41
3379,25,30,35,30,35,50
3382,27,29,31,28,30,34
3384,24,26,29,25,26,31
3387,110,114,117,111,114,117
3389,89,107,118,93,107,118
3392,47,59,70,47,55,66
3394,88,99,111,96,107,120
3397,15,18,20,17,19,22
3399,44,52,66,49,61,80
3402,11,13,16,13,16,20
3404,24,26,28,24,26,28
3407,27,32,37,30,35,44
3409,10,12,13,11,12,14
3412,22,24,28,22,24,30
3414,52,61,71,56,63,76
3417,10,11,18,11,18,21
3419,28,30,33,29,31,34
3422,6,11,17,7,11,17
3424,66,74,81,70,76,84
3427,56,61,67,58,63,69
3429,20,21,27,21,24,27
3432,22,25,30,23,25,30
3434,31,34,37,32,34,37
3437,48,50,64,48,50,64
3439,64,75,81,70,78,83
3442,31,36,41,34,37,45
3444,52,59,68,57,65,79
3447,82,97,114,82,94,107
3449,12,14,16,14,16,21
3452,31,39,55,31,38,49
3454,50,60,65,58,64,69
3457,12,14,17,13,15,21
3459,44,51,57,49,54,73
3462,47,69,92,50,69,92
3464,18,21,26,20,22,28
3467,30,36,46,30,35,42
3469,25,29,35,25,29,35
3472,14,19,23,15,19,23
3474,56,68,78,58,68,78
3477,73,75,92,73,78,105
3479,38,42,45,42,45,53
3482,39,43,50,40,43,50
3484,59,70,82,61,70,82
3487,24,26,30,25,28,34
3489,26,31,37,27,31,37
3492,12,14,15,13,14,15
3494,46,60,68,46,56,66
3497,39,45,54,44,50,60
3499,34,35,53,35,36,60
3502,10,11,13,11,12,14
3504,129,145,156,137,148,163
3507,33,40,43,35,40,43
3509,32,34,36,33,35,37
3512,21,23,25,22,23,26
3514,70,78,91,73,87,99
3517,26,29,31,26,29,31
3519,21,29,33,27,32,37
3522,66,74,98,68,88,119
3524,21,26,31,21,25,29
3527,22,25,28,24,27,31
3529,119,129,141,122,129,141
3532,11,13,17,11,13,17
3534,37,44,50,40,46,53
3535,45,48,51,46,48,51
3537,22,25,28,24,27,33
3539,7,16,22,7,13,20
3542,81,93,102,91,98,118
3544,60,72,82,67,75,86
3547,51,54,57,53,56,61
3549,74,82,88,78,84,92
3552,56,61,64,57,61,64
3554,54,65,75,57,65,75
3557,16,19,21,19,21,25
3559,24,29,33,28,30,35
3562,24,26,28,25,27,31
3564,52,54,60,52,56,74
3567,8,12,20,8,12,20
3569,23,26,30,24,26,30
3572,62,66,71,62,65,69
3574,22,24,26,23,24,30
3577,42,48,51,44,48,55
3579,40,47,55,42,47,55
3582,28,34,40,28,32,37
3584,15,17,20,16,17,21
3587,17,22,28,18,22,28
3589,99,115,128,99,110,123
3592,51,60,72,52,63,78
3594,49,53,56,51,54,57
3597,12,14,16,13,14,17
3599,76,97,119,76,91,110
3603,23,28,31,26,29,32
3605,15,17,19,17,18,21
3607,56,62,66,59,64,67
3609,36,39,43,38,42,46
3612,21,30,42,23,30,42
3614,16,24,27,16,22,26
3617,66,71,79,67,71,79
3619,36,39,43,38,41,43
3622,8,14,17,8,14,21
3624,66,72,76,70,74,80
3627,257,288,322,265,288,322
3629,14,16,19,15,17,21
3632,25,29,34,26,29,34
3634,13,20,26,15,20,26
3637,40,47,51,43,49,67
3639,82,112,146,87,112,146
3642,49,58,66,55,63,70
3644,19,24,26,24,26,34
3647,24,27,31,26,29,32
3649,45,55,68,48,55,68
3652,28,32,39,31,37,48
3654,58,72,86,60,78,92
3657,23,29,34,28,32,41
3659,11,14,20,13,18,24
3662,52,61,70,54,61,70
3664,71,81,97,77,93,99
3667,37,39,41,39,41,43
3669,133,157,189,133,150,178
3672,42,49,57,42,47,55
3674,49,55,64,50,55,64
3677,14,17,20,14,16,19
3679,31,35,44,32,35,44
3682,18,22,25,21,24,30
3684,16,20,23,17,20,23
3687,21,23,26,21,23,26
3689,33,37,49,35,39,54
3692,9,11,13,11,13,15
3694,58,68,78,66,72,86
3697,136,150,170,147,159,196
3699,27,31,34,28,31,34
3702,45,55,65,51,61,74
3704,92,97,105,96,100,117
3707,14,25,30,23,28,34
3709,40,44,47,41,44,47
3712,68,72,77,69,72,77
3714,3,12,14,8,12,20
3717,60,65,70,63,69,76
3719,87,92,114,89,95,124
3722,40,52,62,52,62,72
3724,36,46,50,44,49,54
3727,57,66,68,64,68,74
3729,16,22,25,21,24,27
3732,13,18,23,13,18,21
3734,24,28,30,26,28,31
3737,20,28,34,24,30,37
3739,49,52,59,51,54,63
3742,52,59,70,55,62,76
3744,27,35,41,27,33,38
3747,21,28,36,24,30,39
3749,27,31,50,28,31,50
3752,66,78,97,66,74,88
3754,56,58,66,57,60,69
3757,40,44,48,42,44,50
3759,16,21,23,17,21,23
3762,17,20,21,18,20,21
3764,56,60,72,57,60,72
3767,34,39,46,36,41,51
3769,84,101,109,84,98,106
3772,11,13,15,13,14,17
3774,11,14,17,11,13,16
3777,37,41,49,37,39,45
3779,41,47,54,42,47,54
3782,59,64,68,61,64,68
3784,28,44,46,28,46,50
3787,15,17,20,17,20,24
3789,13,17,20,15,19,25
3792,25,28,32,25,27,30
3794,30,33,40,31,33,40
3797,12,14,16,13,14,16
3799,22,26,30,22,25,28
3802,38,43,47,41,45,49
3804,51,55,58,54,57,61
3807,119,124,131,123,129,157
3809,9,12,16,9,12,16
3812,49,57,64,55,61,70
3814,15,17,20,15,17,20
3817,38,42,45,40,43,46
3819,20,24,34,20,23,31
3822,30,35,42,30,33,40
3824,122,136,148,126,136,148
3827,40,43,46,43,45,48
3829,67,81,94,81,94,116
3832,12,13,16,12,13,15
3834,15,18,20,17,18,20
3837,26,31,36,26,30,34
3839,81,106,121,100,115,130
3842,106,130,158,130,158,184
3844,56,59,62,56,58,61
3847,24,29,34,26,30,38
3849,21,24,28,23,25,30
3852,17,20,22,17,19,21
3854,69,75,79,72,76,80
3857,49,63,72,55,67,89
3859,21,23,25,22,23,25
3862,13,15,17,14,16,19
3864,51,58,64,55,59,67
3867,17,18,20,17,18,19
3869,12,16,18,14,17,25
3872,23,29,35,23,28,33
3874,62,71,82,71,82,94
3877,15,20,24,16,21,25
3879,48,56,61,52,58,63
3882,54,60,64,57,62,68
3884,14,18,24,15,20,26
3887,19,21,22,21,22,27
3889,9,15,17,10,15,34
3892,14,20,26,14,16,22
3894,40,48,50,40,48,52
3897,45,51,56,51,56,76
3899,48,57,69,52,60,76
3902,46,48,70,48,64,82
3904,18,20,28,19,24,29
3907,21,24,30,21,24,27
3909,50,53,54,51,53,56
3912,90,104,110,100,106,114
3914,12,13,17,12,13,14
3917,13,16,20,13,15,19
3919,33,40,47,38,45,54
3922,32,41,48,36,44,50
3924,20,24,28,22,25,30
3927,259,302,336,280,313,352
3929,31,33,36,32,34,38
3932,10,17,23,15,21,30
3934,17,20,22,20,22,25
3937,116,143,152,116,138,150
3939,9,12,14,12,14,17
3942,37,44,50,42,48,56
3944,28,30,34,28,30,34
3947,56,62,70,58,62,70
3949,93,106,116,103,112,126
3952,29,33,52,31,38,57
3954,25,31,34,30,33,36
3957,13,17,22,14,17,22
3959,80,81,83,80,81,83
3962,67,74,81,72,78,86
3964,31,35,38,32,35,38
3967,19,23,32,19,23,32
3969,22,32,37,32,37,49
3972,19,20,23,19,21,24
3974,72,86,96,82,94,102
3977,16,18,19,18,19,24
3979,64,67,73,67,73,97
3982,24,26,28,26,28,36
3984,15,18,24,17,21,33
3987,14,22,29,16,25,31
3989,54,65,87,65,87,104
3992,126,139,149,136,145,154
3994,34,47,52,39,47,52
3997,31,37,41,37,41,48
3999,23,28,33,26,29,36
4003,55,64,77,62,72,91
4005,16,18,21,17,21,22
4007,75,81,91,76,81,91
4009,50,55,59,51,55,59
4012,60,81,108,67,89,117
4014,27,29,31,27,29,31
4017,10,13,15,13,15,17
4019,26,29,34,27,31,35
4022,15,17,22,16,17,25
4024,12,16,20,16,20,28
4027,62,74,78,64,74,78
4029,30,41,48,41,48,61
4032,32,36,46,34,36,46
4034,38,40,42,40,42,48
4037,8,9,11,9,10,14
4039,6,7,8,7,8,11
4042,52,67,72,67,72,102
4044,12,16,19,14,16,20
4047,22,29,39,26,32,46
4049,13,18,23,16,20,25
4052,19,22,26,20,22,26
4054,20,23,26,22,25,29
4057,76,84,92,80,86,97
4059,26,28,29,27,29,33
4062,83,101,112,83,95,109
4064,15,18,20,18,20,24
4067,39,52,54,50,52,55
4069,27,34,41,29,34,41
4072,33,36,48,36,48,67
4074,12,14,16,14,15,20
4077,50,57,72,53,62,76
4079,41,45,49,43,46,52
4082,45,48,51,46,49,52
4084,17,19,21,19,21,27
4087,43,48,53,46,52,59
4089,45,49,55,49,55,81
4092,51,56,57,56,57,72
4094,70,75,82,74,79,108
4097,11,16,21,13,17,26
4099,27,32,38,30,33,46
4102,42,48,56,44,50,61
4104,19,21,23,20,22,24
4107,27,32,37,29,32,39
4109,34,43,49,41,46,54
4112,69,71,75,70,74,80
4114,71,83,90,78,85,92
4117,18,21,24,18,21,24
4119,21,26,31,24,27,34
4122,38,45,53,42,47,56
4124,29,33,41,33,41,58
4127,91,116,125,111,123,128
4129,71,91,120,80,98,133
4132,22,26,29,25,28,32
4134,40,48,55,46,53,62
4137,14,18,21,16,20,26
4139,25,27,30,25,27,30
4142,58,65,70,63,68,76
4144,18,38,52,36,48,62
4147,44,45,51,44,47,53
4149,63,69,73,69,73,85
4152,42,46,49,45,48,52
4154,51,54,59,51,54,59
4157,12,15,20,12,15,20
4159,10,12,13,11,12,13
4162,73,77,85,74,77,85
4164,37,44,47,40,47,52
4167,23,25,28,24,27,32
4169,36,46,59,39,49,67
4172,60,65,74,64,70,80
4174,31,37,43,34,39,48
4177,28,38,44,38,44,72
4179,21,23,37,21,23,37
4182,40,42,48,40,42,48
4184,58,61,64,59,61,64
4187,17,23,33,17,23,33
4189,36,40,43,38,41,45
4192,19,21,25,21,25,32
4194,15,17,19,16,18,19
4197,34,37,42,37,40,47
4199,61,67,69,64,68,73
4202,26,30,33,28,31,35
4204,10,11,13,11,12,14
4207,38,44,52,40,44,52
4209,82,98,117,88,104,123
tutorial_002,28,32,35,31,34,37
tutorial_003,42,49,56,47,53,65
tutorial_004,54,59,64,54,57,62
tutorial_005,61,63,74,61,63,74
tutorial_006,42,53,62,43,53,62
tutorial_007,35,38,41,37,39,43
tutorial_008,54,59,64,56,60,66
tutorial_009,46,55,63,49,55,63
tutorial_010,28,35,39,33,36,44
tutorial_011,107,115,130,115,126,138
tutorial_012,99,105,111,103,108,118
tutorial_013,59,68,74,60,68,74
